
v1	v2	v3	v4	v5	v6	v7	v8	time
-0.0017491	0.0001461	-0.0693095	-0.0099723	-0.0269123	-0.0288312	-0.0212427	-0.0032288	11.81
-0.0017661	0.0001346	-0.0695444	-0.0099589	-0.0269414	-0.028911	-0.0213099	-0.0032272	24.41
-0.0017489	9.59e-05	-0.0697294	-0.0099514	-0.0271232	-0.0289277	-0.0213723	-0.003212	36.97
-0.0017449	0.0001483	-0.0699529	-0.0099751	-0.0271848	-0.0290524	-0.0213939	-0.0032009	49.53
-0.0017213	0.0001954	-0.0701975	-0.0099875	-0.0272641	-0.029247	-0.0214973	-0.0031915	62.1
-0.0017622	0.0001689	-0.0704007	-0.0099397	-0.0273524	-0.0292854	-0.0215242	-0.0031894	74.69
-0.0017393	0.0001365	-0.0705524	-0.00995	-0.0274783	-0.029373	-0.021562	-0.0031712	87.25
-0.0017393	0.0001731	-0.0707414	-0.0099777	-0.0275329	-0.0294171	-0.0215801	-0.0031731	99.84
-0.0017166	0.0001683	-0.0707822	-0.0099678	-0.0275367	-0.029458	-0.0216181	-0.0031683	112.35
-0.0017434	0.0001572	-0.0708035	-0.0099412	-0.0275573	-0.0294508	-0.0215593	-0.0031565	124.91
-0.0016862	0.0001289	-0.0707852	-0.0099361	-0.0275221	-0.029388	-0.0215978	-0.0031682	137.44
-0.0017201	0.0001369	-0.0707115	-0.0099407	-0.0274923	-0.0294196	-0.0215895	-0.0031671	150.01
-0.0016899	0.0001515	-0.0706876	-0.0099361	-0.0275015	-0.0293587	-0.0215576	-0.0031769	162.55
-0.0017306	0.0001871	-0.0706156	-0.0099609	-0.0274588	-0.0293184	-0.0215391	-0.0031728	175.09
-0.0017335	0.0001591	-0.0705361	-0.0099769	-0.0273626	-0.0292935	-0.0215319	-0.0031832	187.62
-0.0017558	0.0001509	-0.0704998	-0.0099343	-0.0274141	-0.0292587	-0.0215132	-0.0031738	200.18
-0.0017557	0.0001536	-0.0704737	-0.0099415	-0.0273731	-0.0293051	-0.0215188	-0.0031755	212.73
-0.0017443	0.0001446	-0.0704628	-0.0099873	-0.0273986	-0.0292792	-0.0215154	-0.003174	225.29
-0.0017467	0.0001459	-0.0704479	-0.0099653	-0.0274045	-0.0292915	-0.0215418	-0.00318	237.87
-0.001752	0.0002014	-0.0704936	-0.0099539	-0.0274067	-0.0293063	-0.0215278	-0.0031747	250.39
-0.0017216	0.000139	-0.0705815	-0.0099605	-0.0274284	-0.0292966	-0.0215086	-0.0031818	262.95
-0.0017619	0.0001793	-0.0705916	-0.0100205	-0.0274242	-0.0292727	-0.0215955	-0.0031625	275.54
-0.001725	0.0001461	-0.0706975	-0.0099097	-0.0275159	-0.0293651	-0.0216047	-0.0031608	288.08
-0.0017351	0.0001448	-0.0707657	-0.0099545	-0.027505	-0.0294354	-0.0216455	-0.0031718	300.59
-0.001678	0.0001621	-0.0708813	-0.0099076	-0.0275619	-0.0294947	-0.0216518	-0.0031493	313.17
-0.0017527	0.0001582	-0.0709586	-0.0099826	-0.0276368	-0.0295206	-0.0216784	-0.0031692	325.73
-0.0016807	0.0001663	-0.07111	-0.0099601	-0.0276994	-0.0295911	-0.0217132	-0.0031401	338.27
-0.0016824	0.0001578	-0.0711882	-0.0099651	-0.0277354	-0.0296237	-0.0217498	-0.0031516	350.83
-0.0017433	0.000157	-0.0713497	-0.0099537	-0.0277825	-0.0296947	-0.0217621	-0.0031456	363.4
-0.0017059	0.000188	-0.0714744	-0.0099887	-0.0278305	-0.0297429	-0.0217689	-0.0031332	375.97
-0.0017377	0.0001743	-0.0716151	-0.009974	-0.0278915	-0.0298031	-0.0218343	-0.0031289	388.5
-0.0017173	0.0001528	-0.0717248	-0.0099787	-0.0279651	-0.0298634	-0.0218315	-0.0031238	401.07
-0.0017273	0.0001406	-0.0718565	-0.0099528	-0.0280503	-0.0299246	-0.0218488	-0.0031144	413.63
-0.0017191	0.0001554	-0.0719674	-0.0099492	-0.0280876	-0.0299414	-0.0219132	-0.0031297	426.21
-0.0017202	0.0001694	-0.0720934	-0.0099773	-0.0281135	-0.0300478	-0.0219395	-0.0031163	438.76
-0.0017229	0.0001794	-0.0722185	-0.0099598	-0.0281832	-0.0300376	-0.0219958	-0.0031125	451.32
-0.0017012	0.0001709	-0.0723196	-0.0099567	-0.0282161	-0.0301514	-0.0219915	-0.003115	463.86
-0.0017275	0.0001875	-0.072503	-0.0099505	-0.0283037	-0.0301748	-0.0220126	-0.0030733	476.41
-0.0017222	0.0001635	-0.0725484	-0.0099375	-0.0283392	-0.0302515	-0.0220469	-0.0030902	488.95
-0.0016919	0.0001387	-0.0726593	-0.0099358	-0.0283735	-0.0302799	-0.022096	-0.0030917	501.49
-0.0017034	0.0001988	-0.0727381	-0.0099726	-0.0283756	-0.0302989	-0.0220916	-0.0030958	514.03
-0.0017079	0.0001979	-0.0728551	-0.0099423	-0.028428	-0.0303689	-0.0221426	-0.0030754	526.59
-0.0017156	0.0001858	-0.072968	-0.0099681	-0.0285028	-0.0303988	-0.0221602	-0.0030592	539.16
-0.0016503	0.0002129	-0.0730441	-0.0099493	-0.0286069	-0.0304704	-0.0222265	-0.0030535	551.67
-0.0017248	0.0001789	-0.0731601	-0.0099497	-0.0286234	-0.0305193	-0.0222292	-0.0030819	564.25
-0.0017352	0.0002336	-0.0732698	-0.0099009	-0.0286348	-0.0306017	-0.0222691	-0.0030712	576.81
-0.0016908	0.0002247	-0.0733667	-0.0099489	-0.0287314	-0.0306272	-0.0222993	-0.0030415	589.38
-0.0016842	0.0001892	-0.0735132	-0.009895	-0.0287819	-0.030608	-0.0222958	-0.0030527	601.89
-0.0017246	0.0001938	-0.0736028	-0.0099638	-0.0288071	-0.0307065	-0.0223219	-0.0030582	614.46
-0.0016669	0.0001924	-0.0736735	-0.009937	-0.0288531	-0.0307161	-0.0223772	-0.0030524	627.01
-0.0017239	0.0001969	-0.0737709	-0.0099394	-0.0288587	-0.0307594	-0.0223567	-0.0030392	639.5
-0.0017127	0.0002057	-0.0738172	-0.0099757	-0.0288885	-0.0308059	-0.0223701	-0.0030354	652.07
-0.0017063	0.0002052	-0.0738678	-0.0099683	-0.028942	-0.030845	-0.0224248	-0.0030127	664.68
-0.0017169	0.0002142	-0.0739394	-0.0099335	-0.0289084	-0.030848	-0.0224238	-0.0030368	677.22
-0.0017283	0.0001863	-0.073996	-0.0100041	-0.0290099	-0.0308889	-0.0224153	-0.0030358	689.76
-0.0017271	0.0002075	-0.0740498	-0.009913	-0.0290688	-0.030937	-0.0224862	-0.0030355	702.31
-0.0017071	0.0002102	-0.0741907	-0.0099674	-0.0290436	-0.0309608	-0.0224762	-0.0030364	714.86
-0.0017188	0.0001877	-0.0742575	-0.0099295	-0.0291213	-0.0310072	-0.0224918	-0.0030263	727.39
-0.0016393	0.000207	-0.0744135	-0.0099461	-0.029122	-0.0310498	-0.0225167	-0.0030048	740.0
-0.0016675	0.0002479	-0.0745109	-0.0099695	-0.0292242	-0.03112	-0.022585	-0.0029983	752.54
-0.0016958	0.0002169	-0.074627	-0.0099678	-0.0292589	-0.0311493	-0.0226099	-0.0030003	765.1
-0.001704	0.0002086	-0.0747344	-0.0099557	-0.0293407	-0.0312139	-0.0226523	-0.0030096	777.61
-0.0017054	0.000203	-0.0749155	-0.0099538	-0.0294056	-0.0312734	-0.0226965	-0.0029939	790.15
-0.0016483	0.0002083	-0.0750398	-0.0099802	-0.0294529	-0.0313926	-0.0226518	-0.0029909	802.67
-0.0016592	0.0002251	-0.0752194	-0.0099712	-0.0295335	-0.0314611	-0.0227413	-0.0029782	815.17
-0.0016582	0.0002168	-0.0753367	-0.0099288	-0.0295738	-0.0314657	-0.0227952	-0.002967	827.69
-0.001656	0.0001871	-0.0754647	-0.0099641	-0.0296553	-0.0315782	-0.0228027	-0.0029735	840.25
-0.0016948	0.0002101	-0.0756459	-0.009959	-0.0296721	-0.031614	-0.0228675	-0.0029773	852.84
-0.0016801	0.0002376	-0.0757163	-0.0099843	-0.0297121	-0.0316874	-0.0228933	-0.0029573	865.35
-0.0016775	0.0002264	-0.0758793	-0.0099657	-0.0298254	-0.0317124	-0.0229384	-0.0029611	877.93
-0.0016554	0.0002397	-0.075994	-0.009954	-0.0298881	-0.0317857	-0.0229412	-0.0029579	890.5
-0.0016886	0.0002015	-0.0760762	-0.0099473	-0.0299248	-0.0318174	-0.0229906	-0.002955	903.04
-0.0016788	0.0002658	-0.0762318	-0.0099757	-0.0299823	-0.0318685	-0.0229853	-0.0029367	915.6
-0.001689	0.0002415	-0.0763741	-0.0099032	-0.0300119	-0.0319502	-0.0230023	-0.0029314	928.16
-0.0016683	0.0002261	-0.0764503	-0.0099576	-0.0300717	-0.0319799	-0.0230788	-0.0029425	940.75
-0.0016237	0.0002377	-0.0765828	-0.0099746	-0.0301151	-0.0320174	-0.0231025	-0.0029217	953.27
-0.0016155	0.0002515	-0.0766929	-0.0099832	-0.0301768	-0.032072	-0.0231374	-0.0029279	965.86
-0.0016606	0.0002277	-0.0768062	-0.0099686	-0.0302284	-0.0321435	-0.0231815	-0.0029222	978.41
-0.0016643	0.0002322	-0.0769319	-0.0099491	-0.0302777	-0.0321967	-0.023198	-0.0028964	990.97
-0.0016722	0.0002266	-0.0770303	-0.0099697	-0.0303324	-0.0322471	-0.0232312	-0.0029106	1003.54
-0.001659	0.0002401	-0.0771659	-0.0099883	-0.0303924	-0.0322922	-0.0232235	-0.00289	1016.06
-0.0016437	0.0002407	-0.0772305	-0.0099604	-0.0304563	-0.0323292	-0.023249	-0.0028972	1028.59
-0.0016505	0.0002334	-0.0773589	-0.009977	-0.0304722	-0.0324188	-0.0233011	-0.0029069	1041.17
-0.0016703	0.00024	-0.0775369	-0.0099352	-0.0305246	-0.0324765	-0.0233222	-0.0028743	1053.71
-0.0016908	0.0001985	-0.0776429	-0.0099384	-0.0306154	-0.0325008	-0.0233791	-0.002887	1066.25
-0.0016617	0.0002416	-0.0777561	-0.0099656	-0.0306697	-0.0325735	-0.023413	-0.002877	1078.82
-0.0016438	0.0002536	-0.0778773	-0.00995	-0.0307245	-0.0325778	-0.0234186	-0.0028794	1091.35
-0.0016462	0.0002398	-0.07802	-0.0099587	-0.0307815	-0.03271	-0.0234784	-0.0028743	1103.92
-0.0016511	0.0002443	-0.0781418	-0.0099519	-0.0308761	-0.0327831	-0.0235212	-0.00285	1116.45
-0.0016448	0.0002413	-0.078249	-0.0099544	-0.0308774	-0.032811	-0.0235286	-0.0028575	1128.98
-0.0016542	0.000242	-0.0783952	-0.009924	-0.0309484	-0.0328464	-0.0235651	-0.0028462	1141.53
-0.0016577	0.0002349	-0.0785528	-0.0099649	-0.0310261	-0.0329051	-0.0236226	-0.0028548	1154.09
-0.0016583	0.0002483	-0.0786813	-0.0099552	-0.0311081	-0.0329405	-0.0236532	-0.0028246	1166.67
-0.0016539	0.0001737	-0.078863	-0.0098864	-0.0311984	-0.0330274	-0.02367	-0.0028122	1179.27
-0.0015852	0.0002571	-0.0790867	-0.0099536	-0.0312561	-0.0331664	-0.0237577	-0.0028352	1191.81
-0.0016144	0.0002525	-0.0792322	-0.0099757	-0.0313319	-0.0332616	-0.0238432	-0.0028143	1204.34
-0.001536	0.0003886	-0.0794703	-0.0099622	-0.0314392	-0.033377	-0.0238775	-0.0028166	1216.9
-0.0015821	0.0003583	-0.0796307	-0.0099672	-0.0315197	-0.0334593	-0.0239645	-0.0028171	1229.46
-0.0015363	0.0003643	-0.0799884	-0.0099678	-0.0316584	-0.0335829	-0.0240844	-0.0027832	1242.01
-0.0015127	0.0003707	-0.0805453	-0.009996	-0.0319807	-0.0338979	-0.0242191	-0.0027785	1254.62
-0.0014774	0.0004355	-0.0813301	-0.0099699	-0.0323403	-0.0342999	-0.0244633	-0.0027145	1267.18
-0.0014671	0.000447	-0.0822827	-0.0099552	-0.0328262	-0.0347381	-0.0247271	-0.0026767	1279.74
-0.001402	0.000429	-0.0835391	-0.009947	-0.0333709	-0.0352961	-0.0251366	-0.0026449	1292.29
-0.0014426	0.0004727	-0.0848434	-0.0099722	-0.0339501	-0.035957	-0.0254257	-0.0026125	1304.88
-0.0014438	0.0004567	-0.086262	-0.0099831	-0.0345984	-0.036589	-0.025804	-0.0025289	1317.46
-0.0014567	0.0004701	-0.087777	-0.0099452	-0.0352799	-0.0372561	-0.0262648	-0.002502	1330.03
-0.0014366	0.0004822	-0.0892693	-0.009939	-0.035928	-0.0379508	-0.0265983	-0.0024182	1342.59
-0.0013725	0.000492	-0.0908365	-0.0099398	-0.0366539	-0.0385691	-0.0270232	-0.002382	1355.18
-0.0013881	0.0004927	-0.0922989	-0.0099348	-0.0373209	-0.0392619	-0.0274685	-0.0023326	1367.75
-0.0013873	0.0005578	-0.0938173	-0.0099646	-0.0379715	-0.0399544	-0.0277983	-0.0022601	1380.36
-0.0013649	0.0005252	-0.0952504	-0.0099638	-0.0386129	-0.040514	-0.0281706	-0.0022054	1392.97
-0.0013408	0.0005918	-0.0965938	-0.0099392	-0.0391513	-0.0411387	-0.0285143	-0.0021708	1405.56
-0.0012797	0.000618	-0.0978721	-0.0099427	-0.0397037	-0.0417311	-0.0288508	-0.0021203	1418.11
-0.001262	0.0007101	-0.0991445	-0.0099343	-0.0402812	-0.0422906	-0.0291534	-0.0020562	1430.69
-0.001304	0.0006696	-0.100332	-0.0099542	-0.0407331	-0.0427855	-0.029512	-0.0020045	1443.26
-0.0012908	0.0007462	-0.1014553	-0.0099326	-0.0412853	-0.0433095	-0.0298176	-0.0019733	1455.82
-0.0012443	0.000682	-0.1025162	-0.0099209	-0.0417622	-0.0437944	-0.0301167	-0.0019012	1468.39
-0.0011985	0.0007664	-0.1035725	-0.0099667	-0.0421606	-0.0442257	-0.0303777	-0.001926	1480.94
-0.001262	0.0007843	-0.1045323	-0.0099848	-0.0425195	-0.044639	-0.0306607	-0.0018597	1493.49
-0.0012269	0.0008257	-0.1054614	-0.009968	-0.0429442	-0.0450444	-0.0308766	-0.001838	1506.02
-0.0012238	0.0008282	-0.1063191	-0.0099375	-0.043286	-0.0453721	-0.0310914	-0.0017855	1518.58
-0.0011728	0.0008486	-0.1070707	-0.0099466	-0.043632	-0.0457479	-0.0312995	-0.0017832	1531.14
-0.001215	0.0009183	-0.1077745	-0.0099143	-0.0439286	-0.0461237	-0.0314634	-0.0017464	1543.71
-0.001143	0.0008958	-0.1085078	-0.009951	-0.0442774	-0.0463752	-0.0316651	-0.0017097	1556.32
-0.0011758	0.0009056	-0.1091903	-0.0099577	-0.0445546	-0.0466466	-0.0318645	-0.0016981	1568.87
-0.001154	0.0009283	-0.1097802	-0.0099451	-0.0447844	-0.0469667	-0.0320529	-0.001647	1581.43
-0.0011324	0.0009371	-0.1104226	-0.0099278	-0.0450751	-0.047177	-0.0322197	-0.0016478	1593.97
-0.0011544	0.0009522	-0.1109104	-0.009969	-0.0452696	-0.0474338	-0.0323548	-0.0016207	1606.55
-0.0011867	0.000999	-0.1114311	-0.0099352	-0.0454992	-0.0476631	-0.032486	-0.0015768	1619.12
-0.0011561	0.0009942	-0.1119277	-0.0099542	-0.045744	-0.0478601	-0.0326172	-0.0016295	1631.73
-0.0011759	0.0009846	-0.1124145	-0.009997	-0.0459106	-0.0480661	-0.0327418	-0.0015671	1644.32
-0.0011138	0.0010381	-0.1128491	-0.0099561	-0.0461116	-0.0482694	-0.0328723	-0.0015224	1656.86
-0.0011238	0.0010381	-0.1132908	-0.0099558	-0.0462662	-0.0484589	-0.0329587	-0.001534	1669.45
-0.0011191	0.001047	-0.1136509	-0.0099584	-0.0464353	-0.0486132	-0.0330937	-0.0015458	1682.04
-0.0011132	0.0010635	-0.1139424	-0.0099563	-0.0465571	-0.0487322	-0.0331748	-0.0015021	1694.65
-0.0010804	0.0010529	-0.1142672	-0.0099668	-0.0467146	-0.0489183	-0.0332527	-0.0014785	1707.2
-0.001132	0.0010799	-0.1145697	-0.009958	-0.046826	-0.0489943	-0.0333588	-0.0014742	1719.76
-0.0011724	0.0010215	-0.1148638	-0.0099435	-0.0469408	-0.0491588	-0.0334392	-0.00147	1732.34
-0.0011032	0.0010811	-0.1151301	-0.0099452	-0.0470516	-0.0492484	-0.0334445	-0.0014303	1744.91
-0.001102	0.0010919	-0.1153768	-0.0099551	-0.0471758	-0.0493682	-0.0335464	-0.0014515	1757.48
-0.0011068	0.0011032	-0.1156078	-0.0099361	-0.0472786	-0.0494767	-0.0335718	-0.0014319	1770.11
-0.0010974	0.0011215	-0.1158203	-0.0099581	-0.047331	-0.0495484	-0.0336751	-0.0014267	1782.71
-0.0010935	0.0011094	-0.1160281	-0.0099573	-0.0474532	-0.0496268	-0.0337136	-0.001413	1795.29
-0.001088	0.00109	-0.1162386	-0.0099635	-0.0475466	-0.0497425	-0.0337839	-0.0014238	1807.88
-0.0011094	0.001105	-0.116413	-0.0099452	-0.0476076	-0.0498105	-0.0338539	-0.0013831	1820.48
-0.0010917	0.0011289	-0.1166065	-0.0099705	-0.0477038	-0.0498775	-0.0338596	-0.0014136	1833.11
-0.0010779	0.0011437	-0.116784	-0.009966	-0.0477719	-0.049954	-0.0338993	-0.0013764	1845.69
-0.0010939	0.0011292	-0.1169539	-0.0099454	-0.047836	-0.0500496	-0.0339475	-0.0013948	1858.29
-0.0010873	0.0011191	-0.1170856	-0.0099604	-0.0478822	-0.0500757	-0.0340245	-0.0013679	1870.86
-0.0011002	0.0011308	-0.1172381	-0.0099912	-0.0479603	-0.0501521	-0.034083	-0.0013835	1883.45
-0.001045	0.0011643	-0.1173867	-0.0099138	-0.0480113	-0.0502384	-0.0341009	-0.0013566	1896.02
-0.0010325	0.0011507	-0.1175161	-0.0099315	-0.0480698	-0.0502625	-0.0341145	-0.0013695	1908.58
-0.0010862	0.001168	-0.117653	-0.0099621	-0.0481414	-0.0503489	-0.0341458	-0.0013017	1921.19
-0.0010329	0.0011364	-0.1177747	-0.0099423	-0.0482369	-0.0504003	-0.0342197	-0.0013476	1933.81
-0.001026	0.0011429	-0.1178866	-0.0099674	-0.0482524	-0.0504925	-0.0342229	-0.001355	1946.46
-0.0010408	0.0011596	-0.1180217	-0.009976	-0.0482711	-0.0505042	-0.0342125	-0.0013475	1959.07
-0.0010255	0.0011944	-0.1181387	-0.0099508	-0.0483393	-0.0505736	-0.0342675	-0.001322	1971.66
-0.0010736	0.0011604	-0.1182779	-0.0099761	-0.0483932	-0.0506472	-0.0342928	-0.0013517	1984.2
-0.0010946	0.0011613	-0.1183721	-0.0099654	-0.0484364	-0.0506819	-0.0343882	-0.0013257	1996.84
-0.0010593	0.0011861	-0.118457	-0.0099503	-0.048498	-0.0507206	-0.034399	-0.0013324	2009.43
-0.001061	0.0012117	-0.1186062	-0.0099718	-0.0485597	-0.0507662	-0.0344097	-0.0013023	2022.07
-0.0010511	0.0011773	-0.1187358	-0.009939	-0.0486035	-0.0508869	-0.0344742	-0.0013257	2034.67
-0.0010521	0.0011769	-0.1188846	-0.0099706	-0.0486482	-0.0509378	-0.0344904	-0.0012618	2047.22
-0.0010437	0.0011914	-0.1190472	-0.0099561	-0.0487269	-0.050992	-0.0345686	-0.0013139	2059.79
-0.0010393	0.0012237	-0.1192579	-0.009938	-0.0487836	-0.0510404	-0.0345716	-0.0012869	2072.38
-0.0010631	0.0011948	-0.1194089	-0.0099498	-0.0489083	-0.0511766	-0.0346577	-0.0012738	2085.02
-0.0010504	0.0012176	-0.1195965	-0.0099644	-0.048951	-0.0511983	-0.0346658	-0.0012781	2097.62
-0.0010372	0.001204	-0.1197357	-0.0099353	-0.0490283	-0.0512768	-0.0347025	-0.0012733	2110.18
-0.000987	0.0012047	-0.1198929	-0.0099668	-0.0490943	-0.051335	-0.0348048	-0.0012812	2122.8
-0.0010475	0.0011902	-0.1200039	-0.0099815	-0.0491612	-0.0514083	-0.0347966	-0.0012772	2135.36
-0.0010459	0.0012084	-0.1201355	-0.0099544	-0.0492088	-0.0514876	-0.0348411	-0.001251	2147.98
-0.0010304	0.0012086	-0.1202611	-0.0099587	-0.0492685	-0.0515195	-0.0349137	-0.0012657	2160.56
-0.0010228	0.00125	-0.1203784	-0.0099931	-0.049315	-0.0515488	-0.0349382	-0.0012607	2173.15
-0.0010247	0.0012334	-0.120508	-0.0099396	-0.0493761	-0.0516052	-0.034949	-0.0012443	2185.77
-0.0010018	0.0012165	-0.1206844	-0.0099675	-0.049438	-0.0516702	-0.0350041	-0.0012471	2198.41
-0.0010505	0.0012104	-0.1208781	-0.0099462	-0.0495314	-0.0518122	-0.0350837	-0.001202	2211.01
-0.001007	0.0013076	-0.1211045	-0.0099768	-0.0495812	-0.0518461	-0.0350953	-0.0012393	2223.62
-0.0010442	0.0012525	-0.1214005	-0.0099353	-0.0497305	-0.0520333	-0.0352219	-0.0012114	2236.21
-0.0010417	0.0012635	-0.1216789	-0.0099695	-0.0498555	-0.0521529	-0.0352634	-0.0012172	2248.8
-0.001028	0.0012564	-0.1219664	-0.0099532	-0.0499912	-0.0523095	-0.0353833	-0.0011975	2261.41
-0.0010108	0.0012466	-0.1223317	-0.0099363	-0.0501568	-0.052473	-0.0354633	-0.0011825	2274.03
-0.0010221	0.0012688	-0.1226439	-0.0099776	-0.0503259	-0.0526064	-0.0355713	-0.001176	2286.6
-0.0010285	0.0013233	-0.1229985	-0.009989	-0.0504656	-0.0528074	-0.0356307	-0.0011616	2299.21
-0.0009886	0.0012923	-0.1234103	-0.0099784	-0.0505714	-0.0529526	-0.035681	-0.00114	2311.8
-0.0010038	0.0013372	-0.1237245	-0.0100057	-0.0508253	-0.0531951	-0.0358815	-0.0011537	2324.39
-0.0009474	0.0013566	-0.1241942	-0.0099967	-0.0510103	-0.0532976	-0.0359538	-0.001131	2336.96
-0.0010497	0.0012508	-0.1245482	-0.0099581	-0.0511258	-0.0534216	-0.0361105	-0.0011113	2349.58
-0.0010147	0.0013258	-0.1248343	-0.0099642	-0.0512686	-0.0535861	-0.0361644	-0.0011026	2362.14
-0.0009876	0.0013556	-0.1251528	-0.009938	-0.0513948	-0.0537138	-0.0362086	-0.0010782	2374.75
-0.0009852	0.0013451	-0.1254311	-0.0099728	-0.051506	-0.0538151	-0.0363231	-0.0010741	2387.34
-0.0009549	0.0013549	-0.1256526	-0.0099414	-0.0516147	-0.0539482	-0.0363763	-0.0010543	2399.94
-0.0009712	0.0013624	-0.1259155	-0.0099693	-0.0517111	-0.0540562	-0.036465	-0.0010731	2412.55
-0.0009802	0.0013833	-0.1262166	-0.0099591	-0.0518256	-0.0541849	-0.0364983	-0.0010496	2425.16
-0.0009986	0.0013809	-0.1264819	-0.009926	-0.0520203	-0.0543078	-0.0366086	-0.001049	2437.78
-0.0009589	0.0013833	-0.1267375	-0.0099348	-0.0520601	-0.0544472	-0.0366615	-0.0010367	2450.37
-0.0009749	0.0013764	-0.1270409	-0.0098945	-0.0522412	-0.0546399	-0.0367341	-0.0010261	2462.91
-0.0009412	0.0013681	-0.1273292	-0.0099982	-0.0523503	-0.0547495	-0.0368054	-0.0010123	2475.5
-0.0010139	0.0014025	-0.1275557	-0.0099629	-0.0524454	-0.0548183	-0.0368889	-0.0009881	2488.07
-0.0010516	0.0014222	-0.1279785	-0.0099199	-0.0525751	-0.0549283	-0.0370378	-0.0009936	2500.68
-0.0010126	0.0013599	-0.1283663	-0.0099634	-0.0528238	-0.0551771	-0.0371187	-0.0009635	2513.27
-0.0009229	0.0014683	-0.1286696	-0.0099504	-0.0529306	-0.0553065	-0.037241	-0.0009534	2525.84
-0.000912	0.0014532	-0.1290636	-0.0099711	-0.0531124	-0.0554543	-0.0373287	-0.0009531	2538.47
-0.0009151	0.0014515	-0.1294229	-0.0099465	-0.0532902	-0.055666	-0.037447	-0.0009289	2551.06
-0.000902	0.0014554	-0.129847	-0.009914	-0.0534435	-0.05585	-0.0375247	-0.0009147	2563.63
-0.0009237	0.0014874	-0.1303161	-0.0099722	-0.0536046	-0.0560344	-0.0376245	-0.0009054	2576.24
-0.0009427	0.001496	-0.1307119	-0.0099788	-0.0537691	-0.0562419	-0.0378147	-0.0008858	2588.81
-0.0008949	0.0014922	-0.1311687	-0.0099355	-0.0539517	-0.0564502	-0.0378253	-0.0008718	2601.43
-0.0009689	0.0015208	-0.1314929	-0.0099423	-0.0541585	-0.0565895	-0.0380243	-0.0008683	2614.02
-0.0009105	0.0015301	-0.1320264	-0.0099821	-0.0543889	-0.0567983	-0.0381791	-0.0008396	2626.61
-0.000832	0.0015292	-0.1324989	-0.0099346	-0.0545729	-0.0570367	-0.0382413	-0.0008423	2639.23
-0.0008467	0.0015367	-0.1329164	-0.0099283	-0.0548035	-0.0572186	-0.0384519	-0.0008249	2651.86
-0.0008703	0.0014945	-0.1333912	-0.0100147	-0.0549436	-0.0574216	-0.0385501	-0.0008116	2664.48
-0.0008774	0.0015885	-0.1338653	-0.0099458	-0.0551774	-0.0576334	-0.0386601	-0.0007711	2677.07
-0.0008305	0.0015769	-0.1343042	-0.0099247	-0.0553784	-0.0578423	-0.0387939	-0.0007831	2689.67
-0.0007968	0.0015732	-0.134751	-0.0099529	-0.0555866	-0.058034	-0.0389147	-0.0007649	2702.25
-0.0008577	0.0016139	-0.1352275	-0.0099412	-0.0557615	-0.0582679	-0.0390289	-0.0007554	2714.87
-0.0008431	0.0016347	-0.1356979	-0.0099512	-0.0560042	-0.0584755	-0.039181	-0.0007101	2727.51
-0.0008601	0.0016287	-0.1361678	-0.0099883	-0.0561865	-0.0586487	-0.0392693	-0.000717	2740.13
-0.0008239	0.0016508	-0.1365987	-0.0099229	-0.0563933	-0.0588961	-0.0394381	-0.0007093	2752.75
-0.0008006	0.0016725	-0.1370973	-0.0099405	-0.0565738	-0.0591153	-0.0395741	-0.0006885	2765.41
-0.0008051	0.0016985	-0.1376102	-0.0099789	-0.0568116	-0.0593078	-0.039704	-0.000667	2778.06
-0.0007766	0.0016677	-0.1380189	-0.0099697	-0.0569908	-0.0595015	-0.0398353	-0.0006119	2790.7
-0.0007847	0.0016767	-0.1384891	-0.0099475	-0.0572378	-0.0596836	-0.0399585	-0.0006285	2803.34
-0.0008082	0.0016372	-0.1390021	-0.0099145	-0.0573836	-0.0599041	-0.0400754	-0.0005868	2815.94
-0.0007868	0.00172	-0.1394599	-0.0099755	-0.057577	-0.0601308	-0.0402052	-0.0006132	2828.56
-0.0007484	0.0017552	-0.1399511	-0.0099346	-0.0578469	-0.0603587	-0.0403578	-0.0005518	2841.2
-0.0007254	0.0017213	-0.1404378	-0.0098994	-0.0580065	-0.0605821	-0.0404145	-0.0005265	2853.84
-0.0007774	0.0018123	-0.1409136	-0.0099425	-0.0582346	-0.0608125	-0.0406663	-0.0005211	2866.43
-0.0007353	0.0017342	-0.1413531	-0.0099281	-0.0584752	-0.0609895	-0.0407529	-0.0005401	2879.05
-0.000726	0.001793	-0.1418592	-0.0099613	-0.0586593	-0.0612285	-0.0408886	-0.0005016	2891.67
-0.0007116	0.0018295	-0.1423637	-0.0099474	-0.0588595	-0.0614625	-0.0409823	-0.0004607	2904.23
-0.000691	0.0018841	-0.1428241	-0.0099558	-0.0590958	-0.0616098	-0.0411564	-0.0004961	2916.82
-0.000713	0.0018595	-0.1432528	-0.0100089	-0.0592829	-0.0618511	-0.0412473	-0.0004589	2929.41
-0.0006786	0.0018633	-0.143705	-0.0099894	-0.0594237	-0.0620393	-0.0413809	-0.0004191	2942.02
-0.000701	0.0018484	-0.1441401	-0.0099667	-0.0596297	-0.0622362	-0.0414915	-0.0004466	2954.62
-0.0007185	0.0018843	-0.1445145	-0.0099756	-0.059823	-0.0623707	-0.0416396	-0.0004253	2967.28
-0.0007111	0.0018541	-0.144885	-0.0099314	-0.0600163	-0.0625192	-0.0417242	-0.0004179	2979.9
-0.0006863	0.0019051	-0.1453232	-0.0099607	-0.0601013	-0.0627632	-0.0418471	-0.0003629	2992.54
-0.0007489	0.001856	-0.1456393	-0.0099683	-0.0603314	-0.0628882	-0.0419415	-0.0004084	3005.14
-0.0007327	0.0019118	-0.146047	-0.0099474	-0.0604251	-0.063086	-0.0420216	-0.0003896	3017.77
-0.0006387	0.0019288	-0.146389	-0.0099575	-0.0606123	-0.0631928	-0.0420845	-0.0003498	3030.42
-0.0006597	0.0019565	-0.1467319	-0.00997	-0.0607712	-0.0633636	-0.0422117	-0.0003086	3043.07
-0.0006862	0.0019497	-0.1470569	-0.0099509	-0.0609105	-0.0635502	-0.0423189	-0.0003052	3055.7
-0.0006887	0.0019394	-0.1473868	-0.0099535	-0.0610413	-0.0636935	-0.0424093	-0.0002979	3068.33
-0.0006582	0.0019527	-0.1477215	-0.0099344	-0.0611609	-0.0637997	-0.042494	-0.000329	3080.96
-0.0006618	0.0019758	-0.1480436	-0.0099217	-0.0612991	-0.0639669	-0.0425743	-0.0002727	3093.58
-0.000661	0.0019682	-0.1483344	-0.00993	-0.0614291	-0.0640871	-0.0426481	-0.0003011	3106.22
-0.0005925	0.0020028	-0.1486137	-0.0098921	-0.0615844	-0.0641832	-0.042722	-0.0003059	3118.84
-0.0006341	0.0020102	-0.1489444	-0.009966	-0.0616868	-0.0643616	-0.0428244	-0.0002281	3131.46
-0.0006385	0.0020268	-0.149251	-0.0099498	-0.0618546	-0.0644929	-0.0429144	-0.0002349	3144.07
-0.0006864	0.0019746	-0.1495308	-0.0099381	-0.0619815	-0.0646497	-0.0429683	-0.0002628	3156.66
-0.0006372	0.0019572	-0.1498533	-0.0099289	-0.0621007	-0.0647745	-0.0430541	-0.0002653	3169.25
-0.0006023	0.0019516	-0.1501663	-0.0099388	-0.0622399	-0.0648676	-0.0431508	-0.0002403	3181.82
-0.0007099	0.001992	-0.1504314	-0.0099118	-0.062378	-0.0649625	-0.0432243	-0.0002252	3194.43
-0.0007016	0.001995	-0.1507578	-0.0099716	-0.0625007	-0.0651123	-0.0433163	-0.000179	3207.03
-0.0006922	0.0020044	-0.151012	-0.0099387	-0.0626312	-0.0652794	-0.0433717	-0.0001812	3219.67
-0.0006575	0.0019855	-0.1513336	-0.0099125	-0.0627693	-0.0654472	-0.0434726	-0.0001557	3232.28
-0.0006139	0.0020373	-0.1515891	-0.0099435	-0.0628439	-0.0655115	-0.0435573	-0.0002047	3244.88
-0.0007044	0.0020086	-0.1518166	-0.0099487	-0.0629955	-0.0656737	-0.0436169	-0.0001842	3257.55
-0.0006905	0.002019	-0.1521742	-0.009959	-0.063123	-0.0657562	-0.0436977	-0.0001758	3270.17
-0.0006561	0.0020219	-0.1524384	-0.0099438	-0.0632188	-0.0659115	-0.0437508	-0.0001349	3282.81
-0.0006443	0.00206	-0.1527102	-0.0099769	-0.0632968	-0.0659884	-0.0437931	-0.0001297	3295.42
-0.0006325	0.0020214	-0.1529514	-0.0099544	-0.0634277	-0.0661255	-0.04391	-0.0001422	3308.06
-0.0006261	0.0020593	-0.1532191	-0.0099389	-0.0635705	-0.0662299	-0.0439779	-9.79e-05	3320.68
-0.0006	0.0020462	-0.1534559	-0.0099537	-0.0636854	-0.0663626	-0.0440837	-9.11e-05	3333.3
-0.000661	0.0021033	-0.1537486	-0.0099217	-0.0637956	-0.0665166	-0.0441087	-0.0001083	3345.92
-0.0006139	0.0021107	-0.1540083	-0.0099847	-0.0639032	-0.0665929	-0.0442282	-8.54e-05	3358.54
-0.0006011	0.0020985	-0.1543084	-0.0099754	-0.0640152	-0.066738	-0.0442559	-6.47e-05	3371.18
-0.0005891	0.0020799	-0.1545158	-0.0099782	-0.0641266	-0.0668374	-0.0443442	-6.75e-05	3383.82
-0.0006222	0.0021124	-0.1547907	-0.0099403	-0.0642509	-0.0669542	-0.0443944	-5.32e-05	3396.46
-0.0005986	0.0021118	-0.1550588	-0.0099631	-0.0643589	-0.0671065	-0.0444907	-4.23e-05	3409.13
-0.0005537	0.0021257	-0.1553416	-0.0099376	-0.0644255	-0.0671943	-0.0445999	-3.21e-05	3421.75
-0.0005789	0.0021669	-0.1555966	-0.00994	-0.0645944	-0.0672794	-0.0446033	-2.84e-05	3434.39
-0.0005623	0.0020902	-0.1558589	-0.0099616	-0.0646605	-0.0674075	-0.044717	-1.87e-05	3447.03
-0.0005956	0.002157	-0.1560719	-0.0099318	-0.0648056	-0.0675654	-0.044784	1.08e-05	3459.68
-0.0006011	0.0021333	-0.1563989	-0.0098642	-0.0648341	-0.0677277	-0.0448338	-2.28e-05	3472.29
-0.0004733	0.0022193	-0.1565396	-0.0099308	-0.0650521	-0.0677283	-0.0448966	2e-06	3484.89
-0.0004987	0.002116	-0.1568317	-0.009973	-0.0651643	-0.0678618	-0.0450006	2.08e-05	3497.48
-0.0005745	0.0021618	-0.1570894	-0.0099711	-0.0652508	-0.067987	-0.0450436	2.98e-05	3510.09
-0.0005646	0.0021794	-0.1573123	-0.0099668	-0.0653578	-0.0680614	-0.0451154	1.92e-05	3522.68
-0.0005474	0.0022147	-0.1575673	-0.0099596	-0.0654162	-0.0682206	-0.0451953	4.21e-05	3535.32
-0.0005572	0.0021897	-0.1577896	-0.0099213	-0.0655797	-0.0683301	-0.0452203	5.49e-05	3547.96
-0.0005719	0.0021975	-0.1580466	-0.0099382	-0.0656314	-0.0684294	-0.045354	6.02e-05	3560.54
-0.0005727	0.0022211	-0.1583079	-0.0099505	-0.0657866	-0.0685323	-0.0453649	6.74e-05	3573.17
-0.0005585	0.0022083	-0.1585525	-0.0099672	-0.0658724	-0.0686344	-0.0454453	7.28e-05	3585.79
-0.000532	0.0021836	-0.1587725	-0.0099536	-0.0659346	-0.068746	-0.0455189	7.57e-05	3598.41
-0.0005611	0.0022083	-0.158985	-0.0099258	-0.0660761	-0.0688633	-0.0456304	7.06e-05	3611.0
-0.0005268	0.0022546	-0.1592559	-0.0099614	-0.0661322	-0.0689622	-0.0456525	6.8e-06	3623.64
-0.0005508	0.0022391	-0.1595095	-0.0099454	-0.0662806	-0.0690356	-0.0457141	0.000114	3636.28
-0.0005022	0.0022448	-0.1597541	-0.0099793	-0.0664055	-0.0691513	-0.0457897	0.0008993	3648.9
-0.0005399	0.0022357	-0.1599422	-0.0099622	-0.0664407	-0.0692067	-0.0458198	0.0001012	3661.54
-0.0005303	0.0022776	-0.1601818	-0.0099369	-0.06659	-0.0693733	-0.0459292	0.0001263	3674.17
-0.0004959	0.0022664	-0.1604326	-0.0099417	-0.066699	-0.0694298	-0.0459632	8.67e-05	3686.81
-0.0005028	0.0022862	-0.1606157	-0.009954	-0.0667491	-0.069557	-0.0460458	0.0002114	3699.47
-0.0005391	0.0022855	-0.160852	-0.0099513	-0.0668685	-0.0696563	-0.0460721	0.0001784	3712.07
-0.0004918	0.0022733	-0.1610807	-0.0099752	-0.0669469	-0.0697805	-0.0461372	0.0001078	3724.69
-0.0005072	0.0023074	-0.1613339	-0.0099491	-0.06708	-0.0698307	-0.0462356	0.0001766	3737.37
-0.00047	0.0022839	-0.1615286	-0.0099128	-0.0671767	-0.0699815	-0.0462696	0.0001804	3749.99
-0.0005064	0.0023184	-0.1617352	-0.0099634	-0.0672374	-0.0700517	-0.0463336	0.0001821	3762.61
-0.0004866	0.0023272	-0.1619582	-0.0099824	-0.0673039	-0.0701756	-0.0463739	0.0001805	3775.25
-0.0004495	0.0023116	-0.1621698	-0.0099375	-0.0674532	-0.070278	-0.0464746	0.0001826	3787.87
-0.000562	0.0023243	-0.1624176	-0.0099253	-0.0675546	-0.0703053	-0.0465186	0.0002105	3800.57
-0.0005042	0.0023227	-0.1625954	-0.0099542	-0.0676447	-0.0704546	-0.0465579	0.0002195	3813.24
-0.0004656	0.0023359	-0.1627939	-0.0099329	-0.0677254	-0.0705459	-0.0466269	0.0002201	3825.86
-0.0004953	0.002352	-0.163007	-0.0099314	-0.067812	-0.0706432	-0.0466921	0.0002223	3838.52
-0.0004873	0.0023711	-0.1632572	-0.0099542	-0.0678816	-0.0707596	-0.0467037	0.0002934	3851.14
-0.0004685	0.0023113	-0.1634576	-0.0099282	-0.0679999	-0.070811	-0.0468056	4.68e-05	3863.76
-0.0004879	0.00235	-0.1636821	-0.0099585	-0.0680999	-0.0709136	-0.0468739	0.0002123	3876.38
-0.0004495	0.0023442	-0.1638711	-0.0099286	-0.0681714	-0.0710368	-0.0469132	0.0002189	3889.01
-0.0004353	0.0023677	-0.1641162	-0.0099406	-0.0682649	-0.0711144	-0.0469638	0.0003086	3901.66
-0.0004346	0.0023624	-0.1643492	-0.00997	-0.0684215	-0.0712134	-0.0470632	0.000262	3914.33
-0.00043	0.0024182	-0.1645787	-0.0099465	-0.0685211	-0.0713272	-0.0471453	0.0003051	3926.97
-0.0004506	0.0023854	-0.1648458	-0.0099301	-0.0686184	-0.0714196	-0.0471783	0.0002871	3939.61
-0.0003964	0.0024277	-0.1651082	-0.0099574	-0.0686923	-0.0715925	-0.0473291	0.0002894	3952.26
-0.0004516	0.0024136	-0.1654131	-0.0099651	-0.0688494	-0.071685	-0.0473885	0.000312	3964.9
-0.000431	0.0024197	-0.1656972	-0.0099565	-0.0689618	-0.0718803	-0.0474293	0.0003217	3977.54
-0.0003966	0.0024358	-0.1659635	-0.009967	-0.0690996	-0.0719508	-0.0474966	0.0003224	3990.17
-0.0004133	0.002413	-0.1662693	-0.0099448	-0.0692396	-0.0720497	-0.0475512	0.0002627	4002.88
-0.0003749	0.0024559	-0.1665735	-0.0099747	-0.0693391	-0.072284	-0.0476774	0.0003654	4015.53
-0.000395	0.0024208	-0.1668411	-0.0099407	-0.0694681	-0.0723726	-0.047751	0.0003512	4028.2
-0.0004296	0.0024852	-0.1671044	-0.0099771	-0.0695979	-0.0725233	-0.0478383	0.0003541	4040.87
-0.0003888	0.0024682	-0.1674051	-0.0099604	-0.0697579	-0.0726332	-0.0479045	0.0003666	4053.54
-0.0004216	0.0024763	-0.1677226	-0.0099445	-0.069858	-0.0727585	-0.0480081	0.0003934	4066.19
-0.0003923	0.0024986	-0.1680216	-0.0099039	-0.0700444	-0.0728624	-0.0480623	0.0003877	4078.83
-0.0003834	0.0025482	-0.1683862	-0.0099592	-0.0701919	-0.0730863	-0.0481773	0.0004084	4091.49
-0.0004041	0.0025079	-0.1687215	-0.0099501	-0.0703091	-0.0732182	-0.0482792	0.000417	4104.08
-0.0004012	0.0025551	-0.169086	-0.0099491	-0.0704853	-0.0734083	-0.0483698	0.0004325	4116.73
-0.0003423	0.0025198	-0.1694015	-0.009973	-0.0705909	-0.0735378	-0.0484771	0.0004293	4129.37
-0.0003613	0.0025215	-0.1697383	-0.009977	-0.0707237	-0.0736671	-0.0485856	0.0004659	4142.04
-0.0003368	0.0025455	-0.1701122	-0.0099256	-0.0709406	-0.0738356	-0.0486663	0.0004588	4154.67
-0.0003514	0.0025213	-0.1704683	-0.0099278	-0.0710593	-0.0740174	-0.0487604	0.0004759	4167.31
-0.0003195	0.0025625	-0.1708003	-0.009927	-0.0712253	-0.074148	-0.0488947	0.0004848	4179.97
-0.0003714	0.0025987	-0.1711992	-0.0099374	-0.0713737	-0.0743366	-0.0489823	0.0004769	4192.64
-0.0002996	0.0025687	-0.1715375	-0.009952	-0.071538	-0.0745015	-0.049063	0.0005217	4205.29
-0.0003314	0.0025826	-0.1719187	-0.0099504	-0.0716991	-0.0746639	-0.0491836	0.0005212	4217.93
-0.0003258	0.0025856	-0.1722649	-0.0099869	-0.0718535	-0.0747773	-0.0492529	0.0005407	4230.57
-0.0003378	0.0025815	-0.1725851	-0.0099393	-0.0720168	-0.0749564	-0.0493798	0.0005391	4243.17
-0.0003216	0.0026273	-0.1729721	-0.0099572	-0.0721799	-0.0751157	-0.0494423	0.000578	4255.81
-0.0002947	0.0026481	-0.1733055	-0.0099366	-0.0722843	-0.0752529	-0.0495484	0.0005975	4268.5
-0.0003128	0.0026343	-0.173657	-0.0099533	-0.0724874	-0.075435	-0.0496124	0.0005797	4281.09
-0.0002849	0.0026708	-0.1739906	-0.0099455	-0.0725736	-0.0755762	-0.0497225	0.0005654	4293.76
-0.0002573	0.0026764	-0.1743272	-0.0099051	-0.0727571	-0.075718	-0.0498526	0.0005618	4306.4
-0.0002762	0.0026955	-0.1747013	-0.0099434	-0.0729298	-0.0758394	-0.0499198	0.0006075	4319.08
-0.0002924	0.002732	-0.1749438	-0.0099462	-0.0730035	-0.0760198	-0.0499938	0.0006123	4331.75
-0.000228	0.0026825	-0.1753113	-0.0099595	-0.0731876	-0.0761498	-0.0501045	0.0006326	4344.39
-0.0002438	0.002689	-0.1756243	-0.0099464	-0.073327	-0.0763441	-0.0501952	0.0006498	4357.09
-0.0002347	0.0027289	-0.1759486	-0.0099524	-0.073458	-0.0764751	-0.0502384	0.0006524	4369.78
-0.0002441	0.0026935	-0.1762714	-0.0099227	-0.0736075	-0.0766034	-0.0503574	0.0006542	4382.45
-0.000235	0.0027428	-0.1765815	-0.0099516	-0.0737294	-0.076717	-0.0504415	0.0006859	4395.13
-0.0002108	0.0027542	-0.1768737	-0.0099441	-0.0738854	-0.0768692	-0.0505296	0.0006575	4407.85
-0.0002412	0.0027516	-0.1771678	-0.0099501	-0.0740477	-0.0770214	-0.0506023	0.0006866	4420.49
-0.0002377	0.0027707	-0.1775132	-0.0099235	-0.0741362	-0.0771611	-0.0506873	0.0007135	4433.14
-0.0002245	0.0027774	-0.1778104	-0.0099358	-0.0742809	-0.0772754	-0.0507741	0.0007289	4445.77
-0.0001995	0.0028048	-0.1781217	-0.009979	-0.0743911	-0.0774108	-0.0508743	0.0007467	4458.37
-0.0002313	0.0028107	-0.1783232	-0.0099335	-0.0745597	-0.0775715	-0.050895	0.0007219	4471.01
-0.0002227	0.0027921	-0.178657	-0.0099561	-0.0746664	-0.0776648	-0.0509876	0.0007155	4483.66
-0.0001927	0.0028332	-0.1789611	-0.0099494	-0.0748206	-0.0778124	-0.051114	0.0007986	4496.3
-0.000194	0.002839	-0.1792087	-0.009948	-0.0749072	-0.077958	-0.0511774	0.0006938	4508.97
-0.0001933	0.0028683	-0.1795061	-0.0099766	-0.0750292	-0.0780775	-0.0512186	0.0005805	4521.63
-0.0001955	0.002805	-0.1797909	-0.0099671	-0.0751134	-0.0782217	-0.0512676	0.0008852	4534.26
-0.0001603	0.002827	-0.1800646	-0.0099464	-0.0752827	-0.0783413	-0.0514149	0.0006688	4546.93
-0.0001445	0.0028245	-0.1803544	-0.0099744	-0.0754168	-0.0784431	-0.0514651	0.0007609	4559.56
-0.000172	0.0028808	-0.1805935	-0.0099753	-0.0755051	-0.0786025	-0.051537	0.0008579	4572.23
-0.0001411	0.00291	-0.1808509	-0.0099682	-0.0756202	-0.078722	-0.0516088	0.0004925	4584.91
-0.0001437	0.0028714	-0.1811354	-0.0099612	-0.0757194	-0.0787647	-0.051688	0.000684	4597.55
-0.0001457	0.0028955	-0.1813439	-0.0099749	-0.0758491	-0.0789195	-0.0517235	0.0007722	4610.24
-0.0001481	0.0029261	-0.1815749	-0.0099671	-0.0758933	-0.0790147	-0.0518187	0.0009359	4622.89
-0.0001442	0.0029435	-0.1818301	-0.0099473	-0.0760663	-0.0791321	-0.0518969	0.0009193	4635.56
-0.0001666	0.0029063	-0.1821282	-0.0099509	-0.0761684	-0.0792385	-0.0519393	0.0008928	4648.25
-0.0001083	0.0029481	-0.1823128	-0.0099496	-0.0762649	-0.0793563	-0.0520155	0.0011105	4660.9
-0.000171	0.0029203	-0.18258	-0.0099298	-0.0764208	-0.0794515	-0.0520637	0.0008067	4673.57
-0.0001	0.0029374	-0.1827992	-0.0099663	-0.0764751	-0.0795632	-0.0521403	0.000577	4686.22
-0.0001203	0.0029268	-0.1830247	-0.0099543	-0.0765472	-0.079629	-0.0522084	0.0010783	4698.86
-0.0001342	0.0029648	-0.183237	-0.0099413	-0.0766575	-0.079766	-0.0522422	0.0008784	4711.5
-0.0001194	0.0029524	-0.183494	-0.0099632	-0.0767826	-0.0798211	-0.0523418	0.0009155	4724.15
-0.0001303	0.0029765	-0.1836961	-0.0099526	-0.0768611	-0.0799212	-0.0523892	0.0009175	4736.81
-0.0001287	0.0029528	-0.1839038	-0.0099332	-0.076977	-0.0800571	-0.0524646	0.0009272	4749.49
-9.78e-05	0.0029701	-0.1841227	-0.0099366	-0.0770656	-0.080166	-0.0524933	0.000949	4762.18
-0.0001241	0.0029499	-0.1843548	-0.0099549	-0.0771457	-0.0802326	-0.0525122	0.0009308	4774.87
-0.0001016	0.0030072	-0.1845742	-0.0099605	-0.0772489	-0.0803234	-0.0525966	0.000932	4787.5
-7.33e-05	0.0029816	-0.1847447	-0.0099708	-0.0773522	-0.0804036	-0.0526696	0.0009458	4800.17
-8.93e-05	0.0030239	-0.184985	-0.0099893	-0.0774062	-0.0805688	-0.052742	0.0009354	4812.89
-0.0001055	0.0029854	-0.1851759	-0.0099704	-0.0774887	-0.0806441	-0.0527912	0.0009583	4825.56
-4.16e-05	0.0030184	-0.1854657	-0.0099126	-0.0776245	-0.080754	-0.0528537	0.0009647	4838.23
-9.8e-05	0.0029918	-0.1858344	-0.0099412	-0.0778543	-0.0809313	-0.0530448	0.0009795	4850.89
-5.14e-05	0.0029775	-0.1863488	-0.0099351	-0.0780676	-0.0812132	-0.0531613	0.0009939	4863.56
-4e-05	0.0030271	-0.1869105	-0.009961	-0.0783819	-0.0814661	-0.0533422	0.0010266	4876.24
-5.19e-05	0.003037	-0.1876101	-0.0099676	-0.0786282	-0.0817838	-0.0534965	0.0010646	4888.93
-1.48e-05	0.0030829	-0.1883564	-0.0099391	-0.0789869	-0.0821301	-0.0537164	0.0010668	4901.6
-4.68e-05	0.0031153	-0.1891201	-0.0099734	-0.0793507	-0.0824826	-0.0539477	0.0010868	4914.28
-7.1e-06	0.0031155	-0.1899673	-0.0099299	-0.0796698	-0.0828557	-0.0542093	0.001138	4926.99
3.35e-05	0.0031623	-0.1908001	-0.0099805	-0.0800827	-0.0832733	-0.0543871	0.0011496	4939.62
4.43e-05	0.0031664	-0.1916949	-0.0099626	-0.0804829	-0.0836093	-0.0546204	0.0011769	4952.26
5.45e-05	0.0032187	-0.192498	-0.0099799	-0.0808777	-0.0840451	-0.0548561	0.0012027	4964.92
8.87e-05	0.0032267	-0.1933679	-0.0099477	-0.0812571	-0.0843934	-0.0550787	0.0012472	4977.57
0.000119	0.0032547	-0.1943066	-0.0099478	-0.0815876	-0.0847791	-0.0552802	0.0012389	4990.22
0.0001084	0.0032701	-0.1951193	-0.0099294	-0.0820417	-0.0852638	-0.0555591	0.0012939	5002.86
9.22e-05	0.0033366	-0.1959603	-0.0099997	-0.0823543	-0.0856306	-0.0557996	0.0013345	5015.52
0.0001738	0.0033407	-0.1968617	-0.0099595	-0.0828071	-0.086032	-0.0560403	0.001336	5028.15
0.0001896	0.0033774	-0.1977223	-0.0099331	-0.0832113	-0.0863993	-0.0562209	0.0013819	5040.84
0.0001787	0.0034118	-0.1986038	-0.0099365	-0.0836047	-0.0868447	-0.056493	0.0014102	5053.48
0.0002256	0.0034229	-0.1994307	-0.0099638	-0.0839536	-0.0872292	-0.0567051	0.0014518	5066.18
0.0002254	0.003436	-0.2002719	-0.0099446	-0.0843752	-0.0875237	-0.0569463	0.001454	5078.85
0.000261	0.0034574	-0.2010813	-0.0099265	-0.0846812	-0.0879595	-0.0571285	0.0015386	5091.5
0.0002599	0.0034764	-0.2018516	-0.009991	-0.0851037	-0.0883394	-0.0573479	0.001544	5104.19
0.0003161	0.0035327	-0.2026042	-0.009955	-0.0854297	-0.0886486	-0.0575416	0.0015541	5116.83
0.0003123	0.0035068	-0.2033735	-0.0099766	-0.085746	-0.0890027	-0.0577307	0.0015891	5129.48
0.0003714	0.0035667	-0.2040917	-0.0099395	-0.0860759	-0.0893387	-0.0578949	0.0016039	5142.14
0.0003692	0.0036216	-0.2048017	-0.0099244	-0.0863987	-0.0897009	-0.0581108	0.0016256	5154.82
0.0003904	0.0036211	-0.2055218	-0.009954	-0.0867455	-0.0900202	-0.0582953	0.0016704	5167.51
0.0004023	0.0036624	-0.2062258	-0.0099497	-0.08704	-0.090294	-0.0584712	0.0016909	5180.18
0.0004254	0.0036838	-0.2068864	-0.0099696	-0.08738	-0.0906414	-0.0586469	0.0017255	5192.85
0.0004317	0.0037307	-0.207478	-0.0099245	-0.0876241	-0.0909362	-0.0587505	0.001744	5205.55
0.0004412	0.0037363	-0.2081321	-0.0099608	-0.0879233	-0.0912184	-0.0589617	0.0017789	5218.2
0.0004833	0.0037496	-0.2087208	-0.0099582	-0.0881997	-0.0914643	-0.0591087	0.0017825	5230.89
0.0005021	0.0037585	-0.2093367	-0.0098925	-0.0884352	-0.0917802	-0.0592307	0.0018135	5243.54
0.0005249	0.0037861	-0.2098082	-0.0099513	-0.0887085	-0.0920242	-0.0593918	0.0018784	5256.23
0.0005469	0.0038246	-0.2103448	-0.0099906	-0.0889773	-0.0921986	-0.0595455	0.0019059	5268.93
0.0005861	0.0038236	-0.2108754	-0.0099472	-0.0892029	-0.092473	-0.0596702	0.0018958	5281.57
0.0005515	0.0038465	-0.211344	-0.0099789	-0.0894241	-0.0927633	-0.0597817	0.0019199	5294.27
0.0005867	0.0038846	-0.2118602	-0.0099877	-0.0896417	-0.0929222	-0.0598934	0.0019759	5306.99
0.0005825	0.0038831	-0.2123266	-0.0099875	-0.0898905	-0.0931899	-0.0600413	0.0019811	5319.69
0.0006144	0.0039045	-0.2127431	-0.0098717	-0.0900811	-0.0934139	-0.0601636	0.0020006	5332.36
0.0006607	0.0039317	-0.2132522	-0.0099509	-0.0903516	-0.0936329	-0.0602785	0.0020207	5345.08
0.0006818	0.0039642	-0.2137086	-0.0099443	-0.090583	-0.0938549	-0.0603707	0.0020529	5357.75
0.0007096	0.0039621	-0.2141349	-0.0099714	-0.0907725	-0.0940776	-0.0604693	0.0020831	5370.44
0.0006962	0.0040278	-0.2145135	-0.0099629	-0.0909738	-0.0942576	-0.0605646	0.0020993	5383.12
0.0007549	0.0040229	-0.214914	-0.009952	-0.0911744	-0.0944118	-0.0606604	0.0020582	5395.78
0.0007676	0.0040201	-0.2152889	-0.0099129	-0.0913521	-0.0946065	-0.0607342	0.0021493	5408.45
0.0008405	0.0040579	-0.2155481	-0.0099412	-0.0914987	-0.0947429	-0.0608002	0.002193	5421.16
0.0008828	0.0040927	-0.2158459	-0.0099415	-0.0916532	-0.0948728	-0.060856	0.0021997	5433.85
0.000886	0.0041275	-0.2161204	-0.0099553	-0.0917648	-0.095031	-0.060983	0.0022213	5446.55
0.0009373	0.0041161	-0.216339	-0.0099829	-0.0919117	-0.0951616	-0.0609609	0.0024243	5459.27
0.0009494	0.0041503	-0.2165117	-0.0099829	-0.09202	-0.0952874	-0.0610193	0.0022801	5471.94
0.0009197	0.0041844	-0.2167668	-0.0099644	-0.0921324	-0.095353	-0.0610601	0.0022797	5484.61
0.0009378	0.0041716	-0.2169562	-0.0099301	-0.0922188	-0.0954729	-0.061108	0.0023164	5497.36
0.001006	0.0041916	-0.2170433	-0.0099689	-0.0923335	-0.0955523	-0.0611184	0.0023176	5510.08
0.0010314	0.0042312	-0.2171798	-0.0099634	-0.0923771	-0.0956022	-0.0611689	0.0023488	5522.78
0.0010381	0.0042284	-0.2172772	-0.0099419	-0.0925057	-0.0956843	-0.0611779	0.00238	5535.45
0.0010554	0.0042556	-0.2173064	-0.0099051	-0.0925699	-0.0957427	-0.0611989	0.0024199	5548.17
0.0010905	0.0042985	-0.2173724	-0.0099881	-0.092618	-0.0957436	-0.061218	0.0024537	5560.9
0.0011745	0.004267	-0.2173795	-0.0099614	-0.0926638	-0.0957732	-0.0611261	0.0024687	5573.64
0.0011358	0.0042967	-0.2173393	-0.0099106	-0.0926675	-0.0957732	-0.0611385	0.0024889	5586.32
0.0011816	0.0043236	-0.2172442	-0.0099653	-0.092654	-0.0957402	-0.061136	0.0024974	5599.06
0.0012216	0.0043733	-0.2171119	-0.0099087	-0.0925783	-0.0957034	-0.0610311	0.0025591	5611.76
0.0012877	0.004367	-0.216917	-0.0099298	-0.0925675	-0.0956554	-0.0610116	0.0025628	5624.48
0.0013186	0.0043864	-0.2166953	-0.009947	-0.092549	-0.0955166	-0.0609272	0.0026019	5637.18
0.0013539	0.0043882	-0.2164582	-0.0099839	-0.0924257	-0.0954712	-0.0608497	0.0026389	5649.88
0.0013823	0.0044041	-0.2161609	-0.009977	-0.0923637	-0.0953704	-0.0607449	0.0026668	5662.6
0.0014123	0.0044578	-0.2158082	-0.0099497	-0.0922238	-0.0952473	-0.060611	0.0026762	5675.32
0.0014699	0.0044739	-0.2153755	-0.0099206	-0.0921075	-0.0951031	-0.0604973	0.0026825	5688.03
0.0014916	0.0044449	-0.2149924	-0.0099623	-0.0919289	-0.0948874	-0.0603902	0.0027122	5700.75
0.0015133	0.0044813	-0.2144614	-0.0099422	-0.0917904	-0.0947033	-0.060221	0.0027528	5713.49
0.0015699	0.0045164	-0.2139433	-0.009962	-0.0915754	-0.0945284	-0.0600632	0.0028001	5726.19
0.0015762	0.004483	-0.2133781	-0.0099291	-0.0913403	-0.0942335	-0.0599109	0.0027735	5738.94
0.0016037	0.0045233	-0.2128182	-0.0099657	-0.0911685	-0.0940611	-0.0597522	0.0028143	5751.69
0.0016261	0.0045707	-0.2122298	-0.0099136	-0.0909062	-0.093827	-0.0595344	0.0028555	5764.34
0.0016633	0.0045454	-0.2115076	-0.0099327	-0.0906696	-0.093484	-0.059391	0.0028743	5777.03
0.0016753	0.0045417	-0.2108405	-0.0099472	-0.0904238	-0.0932388	-0.0591899	0.0028994	5789.76
0.001745	0.0045221	-0.2101038	-0.0099555	-0.0901147	-0.0929111	-0.0590096	0.0029122	5802.48
0.0017934	0.0045789	-0.2093755	-0.0099649	-0.0898244	-0.0925735	-0.0587757	0.0029551	5815.2
0.001783	0.0045978	-0.2085725	-0.0099295	-0.0895351	-0.092279	-0.0585438	0.0029597	5827.9
0.0018131	0.0046074	-0.2077028	-0.0100177	-0.0891616	-0.0919336	-0.0583142	0.0029978	5840.57
0.0018377	0.0046016	-0.206843	-0.0099317	-0.0888663	-0.0915681	-0.0580379	0.0030006	5853.3
0.0018512	0.0046075	-0.2060044	-0.0099817	-0.0885234	-0.0911855	-0.0578386	0.0030365	5866.02
0.0018995	0.0045886	-0.2051327	-0.0099529	-0.0881695	-0.0908067	-0.0575881	0.0030466	5878.74
0.0019335	0.0045842	-0.204255	-0.0099414	-0.087838	-0.0904142	-0.0573458	0.0030616	5891.47
0.0019739	0.0045865	-0.2033652	-0.0099503	-0.0875096	-0.0900993	-0.057105	0.0030954	5904.18
0.0020099	0.0045919	-0.2025031	-0.00994	-0.0871373	-0.0896799	-0.0568779	0.003103	5916.89
0.002017	0.004583	-0.2015658	-0.009948	-0.0867252	-0.0892834	-0.0566017	0.0031281	5929.6
0.0020029	0.0045888	-0.2005917	-0.0099295	-0.086385	-0.0887854	-0.0563511	0.0031585	5942.33
0.0020255	0.0045969	-0.1996483	-0.0099301	-0.0859586	-0.0884659	-0.0560959	0.003167	5955.07
0.0020686	0.0045923	-0.198664	-0.0099286	-0.0855357	-0.0880262	-0.055807	0.0031788	5967.8
0.0020434	0.0045669	-0.1977191	-0.0099346	-0.0851741	-0.0876412	-0.0555974	0.0031899	5980.52
0.0020862	0.0045824	-0.1967752	-0.0099624	-0.0847852	-0.0872223	-0.0552693	0.0032286	5993.23
0.0020736	0.0045618	-0.1958282	-0.0099588	-0.084408	-0.0868091	-0.0549965	0.0032438	6005.95
0.0021019	0.0045859	-0.1948419	-0.0099386	-0.0840117	-0.0863725	-0.0547843	0.0032461	6018.67
0.0021286	0.0045726	-0.1938799	-0.0099686	-0.0836297	-0.085989	-0.0544758	0.003262	6031.37
0.0022146	0.0045568	-0.1929375	-0.0099549	-0.0832085	-0.0855951	-0.054236	0.0032841	6044.07
0.0021713	0.0045554	-0.1919836	-0.0099351	-0.082828	-0.0851816	-0.0539821	0.0033028	6056.79
0.0021837	0.0045776	-0.1911021	-0.0099681	-0.0824581	-0.0847923	-0.0537355	0.0033201	6069.48
0.0022174	0.0045739	-0.1901674	-0.009978	-0.0820631	-0.0843927	-0.0534663	0.0033435	6082.18
0.0022179	0.0045688	-0.1892059	-0.0099323	-0.0816662	-0.0839468	-0.0531995	0.0033323	6094.93
0.0022533	0.004532	-0.1882716	-0.0099604	-0.0812951	-0.083569	-0.0529789	0.0033465	6107.65
0.0022679	0.0045384	-0.1873291	-0.0099354	-0.0808802	-0.0831076	-0.0527042	0.0033747	6120.35
0.0022336	0.0045543	-0.1863585	-0.0099423	-0.0805169	-0.0827255	-0.0524426	0.0033913	6133.1
0.0022742	0.0045475	-0.1854292	-0.009943	-0.0801097	-0.0823107	-0.0522026	0.0034142	6145.85
0.002255	0.0045422	-0.1844742	-0.0099228	-0.0797023	-0.081926	-0.051935	0.0034091	6158.62
0.0022706	0.0045492	-0.1835348	-0.0099844	-0.079294	-0.0815116	-0.0517119	0.0034088	6171.32
0.0022911	0.0045347	-0.1825818	-0.0099582	-0.0789262	-0.0810772	-0.0514035	0.0034233	6184.04
0.0023369	0.0044948	-0.1816889	-0.0099127	-0.078538	-0.0807169	-0.051204	0.0034618	6196.75
0.0022812	0.0045208	-0.1808745	-0.009975	-0.0781659	-0.0803224	-0.0509343	0.0034764	6209.44
0.0023337	0.0044806	-0.1799716	-0.0099466	-0.0778499	-0.079968	-0.0507023	0.0034779	6222.19
0.0022867	0.0045346	-0.1790841	-0.0099802	-0.0774801	-0.079628	-0.0505144	0.0034831	6234.92
0.0022894	0.0044701	-0.1782697	-0.009953	-0.0771545	-0.0792342	-0.0502665	0.0035205	6247.63
0.0023106	0.0044688	-0.1775794	-0.0099515	-0.076823	-0.0789107	-0.0500405	0.0035245	6260.34
0.0023306	0.0044368	-0.1768361	-0.0099278	-0.0764902	-0.0785472	-0.0498762	0.0035271	6273.09
0.0023797	0.0044286	-0.1760916	-0.0099266	-0.0762078	-0.0781917	-0.0496478	0.0035316	6285.83
0.0023844	0.0044314	-0.175316	-0.0099598	-0.0758813	-0.0778796	-0.0494378	0.0035383	6298.61
0.0023668	0.0044035	-0.1746001	-0.0099535	-0.0755686	-0.0775844	-0.0492569	0.0035364	6311.34
0.002378	0.0044133	-0.1737982	-0.0099483	-0.0752411	-0.0772236	-0.0490365	0.0035595	6324.06
0.0023799	0.0044098	-0.1729678	-0.0099079	-0.0748784	-0.0768737	-0.0488597	0.0035869	6336.77
0.0023879	0.0043992	-0.1721985	-0.0099813	-0.0745583	-0.0765183	-0.0485816	0.003575	6349.48
0.0023603	0.0043984	-0.1713803	-0.0099474	-0.0741818	-0.0761731	-0.0483621	0.0035974	6362.2
0.002325	0.0043968	-0.1703987	-0.0099748	-0.0737826	-0.0757445	-0.0480902	0.0036107	6374.93
0.0023725	0.0043986	-0.1694815	-0.0099643	-0.0733408	-0.0753169	-0.0478075	0.0036091	6387.68
0.0023781	0.0043468	-0.1683321	-0.0099523	-0.0729014	-0.0748052	-0.047515	0.0036597	6400.42
0.002395	0.0043299	-0.1672502	-0.009935	-0.072432	-0.0742874	-0.0471685	0.0036585	6413.17
0.0023849	0.0043531	-0.1661007	-0.0099514	-0.0719204	-0.0738138	-0.0468729	0.0036611	6425.92
0.0023938	0.0043411	-0.164936	-0.0099335	-0.0714472	-0.0732912	-0.0465453	0.0036842	6438.7
0.0024069	0.0042856	-0.1637507	-0.0099666	-0.0709433	-0.0727296	-0.0462175	0.0036832	6451.43
0.0023997	0.0042875	-0.1625999	-0.0099381	-0.0703631	-0.0722272	-0.0459016	0.0037061	6464.18
0.0024119	0.0042789	-0.1613864	-0.0099644	-0.0698852	-0.0716687	-0.0455659	0.003728	6476.86
0.0024394	0.0042615	-0.1601672	-0.0099168	-0.069416	-0.0711526	-0.0452228	0.0036746	6489.57
0.0024133	0.004236	-0.1589442	-0.0099824	-0.0688183	-0.0706086	-0.0448535	0.0037756	6502.26
0.0024197	0.0042022	-0.15766	-0.0099791	-0.0683446	-0.0700576	-0.0445653	0.0037863	6514.94
0.0024387	0.0041908	-0.1564238	-0.009958	-0.0677983	-0.0694525	-0.0442441	0.0037869	6527.68
0.0024235	0.0041567	-0.1552337	-0.0099498	-0.0673273	-0.0689642	-0.043909	0.0038158	6540.41
0.0024518	0.004179	-0.1540559	-0.0099402	-0.0668115	-0.0685008	-0.0435499	0.0038156	6553.11
0.002406	0.004133	-0.1529275	-0.0099554	-0.0663122	-0.0679643	-0.0432759	0.003833	6565.86
0.0024241	0.004096	-0.15179	-0.0099093	-0.0658193	-0.0674464	-0.0429497	0.0038647	6578.55
0.00239	0.0040921	-0.1505875	-0.0099559	-0.065275	-0.066899	-0.0426209	0.0038634	6591.28
0.0023756	0.0041004	-0.1493843	-0.009922	-0.0648124	-0.0663493	-0.0423471	0.0038815	6603.99
0.0024291	0.0040257	-0.1482653	-0.0099578	-0.0642394	-0.0658384	-0.0419907	0.0038745	6616.69
0.0023648	0.0039967	-0.1471096	-0.0099046	-0.0637836	-0.0653441	-0.0416572	0.0039034	6629.37
0.0024115	0.0040121	-0.1459955	-0.0099246	-0.0633094	-0.0648697	-0.0413516	0.0039113	6642.11
0.0024358	0.0040068	-0.144955	-0.0099176	-0.0628889	-0.0644057	-0.0410722	0.0039426	6654.83
0.0023815	0.004013	-0.1438949	-0.0099343	-0.0623857	-0.0639367	-0.0407875	0.0039428	6667.55
0.0024102	0.0039544	-0.1428455	-0.0099323	-0.0619393	-0.0634615	-0.0404935	0.003955	6680.33
0.0023598	0.0039416	-0.1417591	-0.0099474	-0.0614577	-0.0629684	-0.0401888	0.0039825	6693.04
0.002401	0.0039061	-0.1407216	-0.0099527	-0.0610089	-0.0625018	-0.0398974	0.0040094	6705.75
0.0023486	0.0038812	-0.1397038	-0.0099288	-0.0606103	-0.0621023	-0.0396728	0.0039883	6718.5
0.0023704	0.0038855	-0.1387819	-0.0099324	-0.0602222	-0.0617076	-0.0394168	0.0040068	6731.21
0.0023436	0.0038839	-0.1379638	-0.0099539	-0.0598884	-0.0613372	-0.0392058	0.0040212	6743.96
0.0023592	0.0038626	-0.1371714	-0.0099282	-0.0595067	-0.0609773	-0.0389805	0.0040372	6756.68
0.0023484	0.00384	-0.1363435	-0.0099653	-0.0591309	-0.0606177	-0.0387425	0.0040392	6769.42
0.0023736	0.0038157	-0.1355419	-0.0099771	-0.0587897	-0.0602471	-0.0385476	0.0040665	6782.13
0.0023698	0.0038093	-0.1347873	-0.0099331	-0.0584944	-0.0599303	-0.0383016	0.0040629	6794.9
0.0023317	0.0037785	-0.1340862	-0.0099511	-0.0581915	-0.0595988	-0.0381416	0.0040491	6807.64
0.0023164	0.0037768	-0.1333764	-0.0099428	-0.0578613	-0.0593085	-0.0379266	0.0040849	6820.38
0.0023592	0.0037793	-0.132685	-0.0099026	-0.0575743	-0.0589768	-0.0377289	0.0040912	6833.12
0.0023285	0.0037629	-0.1319993	-0.0099384	-0.0572686	-0.0587046	-0.0375587	0.0040961	6845.82
0.0023086	0.0037921	-0.1313409	-0.009934	-0.057016	-0.0583734	-0.0373771	0.0041192	6858.59
0.0023097	0.0037232	-0.1306072	-0.009925	-0.05671	-0.0580683	-0.037168	0.0041193	6871.32
0.0023249	0.0037086	-0.1299044	-0.0099643	-0.0563782	-0.0577524	-0.0369849	0.0041327	6884.04
0.0023123	0.0036844	-0.1292378	-0.0099468	-0.0560862	-0.0574734	-0.0368062	0.0041312	6896.74
0.0022905	0.0036912	-0.1285995	-0.0099694	-0.0558539	-0.0571705	-0.036638	0.0041459	6909.49
0.0023091	0.0036411	-0.1280703	-0.0099534	-0.0556091	-0.0569085	-0.0364941	0.0041336	6922.24
0.0023051	0.0036555	-0.1274517	-0.0099615	-0.0553336	-0.0566506	-0.036331	0.0041541	6934.99
0.0022365	0.0036765	-0.126795	-0.009971	-0.0550428	-0.056436	-0.036159	0.0041522	6947.71
0.0023389	0.0036621	-0.1262561	-0.0100227	-0.0548302	-0.0561273	-0.036003	0.0041785	6960.44
0.0022763	0.0036201	-0.1257256	-0.0099676	-0.054533	-0.0558755	-0.0358119	0.0041825	6973.21
0.0022414	0.0036174	-0.1251774	-0.0099654	-0.0542929	-0.0556367	-0.035688	0.0041737	6985.97
0.002218	0.0035729	-0.1245438	-0.0099032	-0.0540873	-0.0553265	-0.0355277	0.0041976	6998.68
0.0022507	0.0035571	-0.1240022	-0.0099257	-0.0537855	-0.0550645	-0.0353635	0.0042008	7011.41
0.0022394	0.0035794	-0.123278	-0.0099706	-0.0535183	-0.0547909	-0.0351838	0.0043128	7024.11
0.0022324	0.0035572	-0.1226448	-0.0099634	-0.0532189	-0.0544853	-0.0349854	0.0042239	7036.83
0.0022441	0.0035661	-0.1220295	-0.0099541	-0.0529319	-0.0541802	-0.0348027	0.0042538	7049.56
0.0022598	0.0035431	-0.1213561	-0.009949	-0.0526362	-0.053911	-0.0346609	0.004236	7062.3
0.0022276	0.0035003	-0.1206575	-0.0099779	-0.052355	-0.0535779	-0.0344505	0.0042556	7075.02
0.0022092	0.0034919	-0.119985	-0.009941	-0.0520814	-0.0532737	-0.0342734	0.0042682	7087.77
0.0021792	0.0034573	-0.1193842	-0.009944	-0.051798	-0.0529825	-0.0340912	0.0042708	7100.52
0.002194	0.00347	-0.1187491	-0.0099448	-0.0514953	-0.052708	-0.0339102	0.0042781	7113.22
0.0022117	0.0034214	-0.1180595	-0.0099692	-0.0512489	-0.0524703	-0.0337275	0.0042851	7125.95
0.0021926	0.003452	-0.1175031	-0.0099517	-0.0509546	-0.0521988	-0.0335925	0.004289	7138.67
0.0021847	0.0034188	-0.1169454	-0.0099736	-0.0507056	-0.0519687	-0.0334291	0.0042952	7151.42
0.0021857	0.0034339	-0.1164998	-0.0099488	-0.0505243	-0.0517579	-0.0332911	0.0043292	7164.17
0.002217	0.0033967	-0.1160387	-0.0099547	-0.0503595	-0.0515393	-0.0331987	0.0043125	7176.92
0.0021804	0.0034172	-0.1155763	-0.0099557	-0.0501323	-0.0513266	-0.0330577	0.0043274	7189.65
0.00219	0.0033985	-0.115087	-0.0099699	-0.0499069	-0.0510751	-0.0329314	0.0043212	7202.37
0.0021833	0.0033828	-0.1146159	-0.0099669	-0.0497414	-0.0508659	-0.032781	0.0043481	7215.11
0.0021595	0.0033826	-0.1141326	-0.0099468	-0.0495253	-0.0506504	-0.03269	0.0043481	7227.84
0.0021247	0.0033399	-0.1136469	-0.009951	-0.0493635	-0.0504598	-0.0325451	0.0043506	7240.57
0.0021473	0.0033143	-0.1132448	-0.0099238	-0.0491542	-0.0502797	-0.0324175	0.0043674	7253.31
0.0021604	0.0033335	-0.1127501	-0.0099609	-0.0489404	-0.0500208	-0.0322909	0.0043716	7266.06
