
v1	v2	v3	v4	v5	v6	v7	v8	time
0.0007497	0.0016632	-0.0521675	-0.0029942	-0.0217422	-0.0226871	-0.015267	0.0007821	11.6265881062
0.0007254	0.0016631	-0.0521847	-0.0029826	-0.021749	-0.0226691	-0.0152628	0.0007879	25.5288741589
0.0006976	0.0017474	-0.0521919	-0.0029658	-0.0217163	-0.0226953	-0.0152501	0.000812	39.4621701241
0.000783	0.0016538	-0.0521696	-0.0029756	-0.0217587	-0.0226817	-0.0152226	0.0008076	53.3484711647
0.0007446	0.0016806	-0.0521664	-0.0029713	-0.0217269	-0.0226624	-0.0152518	0.0008095	67.2657721043
0.0007366	0.001669	-0.0521864	-0.0030043	-0.0217328	-0.0226651	-0.0152653	0.0007877	81.1520750523
0.0007566	0.0016967	-0.052125	-0.0029815	-0.0216937	-0.0227263	-0.0152499	0.0009715	95.0053679943
0.0007533	0.0016769	-0.052172	-0.0030032	-0.0217279	-0.0226864	-0.0152349	0.0007978	108.907677174
