
v1	v2	v3	v4	v5	v6	v7	v8	time
0.0053172	0.0081531	-0.1774556	-0.0099378	-0.0744838	-0.0769971	-0.0529543	0.000884	11.43
0.0054636	0.0081233	-0.1774365	-0.0099932	-0.0743548	-0.0770178	-0.052926	0.000895	25.33
0.0054717	0.0082158	-0.177277	-0.0099244	-0.0743515	-0.0769838	-0.0529551	0.0008858	39.2
0.0054893	0.0081453	-0.1774163	-0.0099572	-0.0743102	-0.0769918	-0.0529803	0.0008597	53.05
0.0054761	0.0081572	-0.1774513	-0.0099415	-0.0743447	-0.0769843	-0.052987	0.0008849	66.94
0.0054747	0.008169	-0.1774231	-0.0099623	-0.0743377	-0.0770119	-0.0530438	0.0008927	80.76
0.0056027	0.00814	-0.1773834	-0.0099848	-0.0743404	-0.0769803	-0.052949	0.0008812	94.61
0.0054789	0.008151	-0.1774308	-0.0099826	-0.0743362	-0.0770255	-0.052971	0.0008887	108.45
