
v1	v2	v3	v4	v5	v6	v7	v8	volt
6.8e-06	0.0031385	-0.18461	-0.0099091	-0.0771826	-0.08032	-0.0526634	0.000863	0.227
-4.05e-05	0.0031943	-0.1845983	-0.0099584	-0.0771875	-0.0803558	-0.0526866	0.000865	0.227
-2.81e-05	0.0031718	-0.1846117	-0.0099806	-0.0771896	-0.0803285	-0.0527111	0.0008671	0.227
3.43e-05	0.0031569	-0.1846369	-0.0099588	-0.0772019	-0.0803165	-0.052692	0.0008641	0.227
-2.2e-06	0.0031429	-0.1846234	-0.0099515	-0.0771804	-0.0803316	-0.0527459	0.0008652	0.227
0.0001874	0.00325	-0.1831883	-0.0099655	-0.0765517	-0.0796452	-0.0523717	0.0008313	0.204
0.0001584	0.0032943	-0.1831974	-0.0099766	-0.0765449	-0.079673	-0.0524365	0.0008639	0.204
0.00015	0.0032355	-0.183182	-0.009984	-0.0765439	-0.0796458	-0.0523632	0.0008605	0.204
0.0001588	0.0032765	-0.183188	-0.0099752	-0.0765324	-0.0796703	-0.0524042	0.0008734	0.204
0.0001728	0.0033145	-0.1831724	-0.0099589	-0.0765443	-0.0796491	-0.0523881	0.0008243	0.204
0.000354	0.0034472	-0.1816082	-0.0099787	-0.0758438	-0.0789119	-0.0520287	0.0008682	0.191
0.0003633	0.0034608	-0.1815977	-0.0099563	-0.0758512	-0.078937	-0.0520521	0.0008668	0.191
0.0003454	0.0034405	-0.1815961	-0.0099458	-0.075821	-0.0789147	-0.052044	0.0008628	0.191
0.0003625	0.0034476	-0.1815808	-0.0099369	-0.0758466	-0.0788947	-0.0520401	0.0008692	0.191
0.0003489	0.00343	-0.1815969	-0.009965	-0.0758269	-0.0788971	-0.0520504	0.0008644	0.191
0.0005565	0.0036222	-0.1800231	-0.0099391	-0.0751438	-0.0782131	-0.0517041	0.0008558	0.166
0.0005898	0.0035872	-0.180044	-0.0099852	-0.0751414	-0.0781942	-0.0517112	0.0008658	0.166
0.0005694	0.0036207	-0.1800411	-0.0099371	-0.0751362	-0.078191	-0.0516983	0.0008683	0.166
0.000564	0.0036063	-0.1800473	-0.0099749	-0.0751703	-0.0781787	-0.0516782	0.0008669	0.166
0.000563	0.0036151	-0.1800309	-0.0099103	-0.0751544	-0.0781541	-0.0517033	0.0008616	0.166
0.0007988	0.0038476	-0.1783768	-0.0099465	-0.07436	-0.077379	-0.0513592	0.0008646	0.144
0.0007754	0.0037852	-0.1784027	-0.0099535	-0.0744088	-0.0773814	-0.0513682	0.0008688	0.144
0.000821	0.0037849	-0.1784194	-0.00996	-0.0744043	-0.0773924	-0.0513399	0.0008573	0.144
0.0008028	0.0038065	-0.1784339	-0.0099552	-0.0743727	-0.0773511	-0.0513633	0.0008659	0.144
0.0008385	0.0038003	-0.1784019	-0.0099515	-0.0744075	-0.0774129	-0.0513747	0.0008774	0.144
0.0009948	0.0040156	-0.1767725	-0.0099462	-0.0737239	-0.0766101	-0.0510265	0.0008663	0.125
0.0010758	0.0039712	-0.1767892	-0.0099287	-0.0737207	-0.0766222	-0.0510339	0.0008599	0.125
0.0010628	0.0039746	-0.1767337	-0.0099981	-0.0737094	-0.076581	-0.0510582	0.0008451	0.125
0.0010399	0.0039855	-0.1767542	-0.0099475	-0.0737073	-0.0765929	-0.0510224	0.0008702	0.125
0.0010893	0.0039973	-0.1767882	-0.0099659	-0.0736886	-0.0766128	-0.0510323	0.0008678	0.125
0.0013645	0.0042055	-0.1753009	-0.0099347	-0.0730329	-0.0759528	-0.0507776	0.0008579	0.106
0.0013535	0.0042108	-0.175276	-0.0099208	-0.0730299	-0.0759074	-0.0507441	0.0008698	0.106
0.001369	0.0042329	-0.175256	-0.0099211	-0.0730791	-0.0758666	-0.0507874	0.0008665	0.106
0.0013333	0.004219	-0.1752851	-0.0099451	-0.073028	-0.0758608	-0.0507405	0.0008673	0.106
0.0013673	0.0041964	-0.1752792	-0.0099216	-0.0730064	-0.0758737	-0.0507463	0.0008693	0.106
0.0016706	0.0044134	-0.1739982	-0.00995	-0.0724597	-0.075237	-0.050557	0.000874	0.086
0.0017058	0.0044247	-0.17396	-0.0099685	-0.0725024	-0.07528	-0.0505473	0.0008643	0.086
0.0016739	0.0044294	-0.1739788	-0.0099999	-0.0725113	-0.0752354	-0.0505393	0.0008676	0.086
0.0016581	0.0044659	-0.1739836	-0.0099662	-0.0724902	-0.0752753	-0.0505462	0.0008713	0.086
0.0016722	0.0044737	-0.1739723	-0.0099193	-0.0724875	-0.0752454	-0.0505388	0.0008578	0.086
0.0019673	0.0046796	-0.1728511	-0.0099526	-0.0720004	-0.0747507	-0.0503938	0.0008564	0.067
0.0020275	0.0047347	-0.1729396	-0.0099263	-0.072036	-0.0747457	-0.0503987	0.0008401	0.067
0.0020805	0.0047675	-0.1729049	-0.009936	-0.0720361	-0.0747337	-0.0504277	0.0008352	0.067
0.002022	0.0047418	-0.1729302	-0.0099268	-0.0719969	-0.0747435	-0.0503935	0.0009065	0.067
0.0020859	0.0047154	-0.1729375	-0.0099367	-0.0720604	-0.0746839	-0.0504296	0.0008747	0.067
0.0024109	0.0050374	-0.1721577	-0.0099228	-0.0717061	-0.0742824	-0.0503874	0.000865	0.045
0.0024546	0.0050498	-0.172163	-0.0099473	-0.0717157	-0.0742595	-0.0503872	0.0008674	0.045
0.0024638	0.0050519	-0.1721568	-0.0099082	-0.0717299	-0.0742731	-0.0503794	0.0008634	0.045
0.002488	0.0049992	-0.1721516	-0.0099729	-0.0717102	-0.0742946	-0.0503979	0.0008508	0.045
0.0024305	0.0050466	-0.1721642	-0.0099543	-0.0716942	-0.0743158	-0.0503913	0.0008727	0.045
0.0028554	0.0053301	-0.1718291	-0.0099205	-0.0715705	-0.0740779	-0.0504905	0.0008534	0.028
0.0028566	0.0053423	-0.1718687	-0.0099569	-0.0715874	-0.0740887	-0.0504796	0.0008738	0.028
0.0028663	0.0053664	-0.1718337	-0.0099346	-0.0715871	-0.0740799	-0.050471	0.000874	0.028
0.002875	0.0053809	-0.1718901	-0.0098944	-0.0716318	-0.0740765	-0.0504935	0.0008564	0.028
0.0028652	0.0053454	-0.1718596	-0.0099737	-0.0715952	-0.0740638	-0.0505107	0.0008619	0.028
0.0030908	0.0054792	-0.171802	-0.0099526	-0.07163	-0.0740213	-0.0505235	0.0008868	-0.028
0.0030434	0.0054649	-0.1718111	-0.0099584	-0.0716087	-0.0740619	-0.0505451	0.0008846	-0.028
0.0030074	0.0054627	-0.1718199	-0.0099896	-0.0716203	-0.0740486	-0.0505371	0.0008803	-0.028
0.0030253	0.005489	-0.1718446	-0.0099831	-0.0715849	-0.0740364	-0.0505645	0.0009166	-0.028
0.003064	0.005461	-0.1718382	-0.0099548	-0.0715649	-0.0739977	-0.0505483	0.0008795	-0.028
0.0034601	0.0057784	-0.1720894	-0.0099398	-0.071744	-0.0740924	-0.0507965	0.0008639	-0.045
0.0034732	0.0058025	-0.1720976	-0.0099404	-0.0717209	-0.0740618	-0.0507739	0.0008961	-0.045
0.0034699	0.0058279	-0.1720879	-0.0099512	-0.0717496	-0.0740597	-0.0507752	0.0008959	-0.045
0.0034673	0.0057747	-0.1720856	-0.0099332	-0.0717363	-0.0740361	-0.0507817	0.0008348	-0.045
0.0034642	0.0057824	-0.1720467	-0.009967	-0.0717426	-0.0740866	-0.0507996	0.0008606	-0.045
0.0039535	0.006088	-0.172715	-0.0099625	-0.0721283	-0.074295	-0.051183	0.0007934	-0.065
0.0039348	0.006138	-0.1727528	-0.0099557	-0.072108	-0.0742938	-0.0511578	0.0008767	-0.065
0.0039636	0.0061186	-0.1727381	-0.0099453	-0.0720732	-0.0743282	-0.0511655	0.0008981	-0.065
0.0039729	0.0061124	-0.1727619	-0.0099605	-0.0721161	-0.0742907	-0.0511403	0.0007998	-0.065
0.00391	0.0061024	-0.1727291	-0.0099357	-0.0720691	-0.0742791	-0.0511444	0.000775	-0.065
0.0043917	0.0064313	-0.1738238	-0.0099743	-0.0725939	-0.0746812	-0.0516271	0.0008507	-0.084
0.0044304	0.0064543	-0.1737855	-0.0099386	-0.0726254	-0.0746577	-0.0516316	0.0008754	-0.084
0.0044088	0.0064622	-0.17377	-0.0099588	-0.0725959	-0.0746488	-0.0516199	0.000891	-0.084
0.0043919	0.006424	-0.173796	-0.0099644	-0.07259	-0.0746885	-0.0516076	0.000853	-0.084
0.0043923	0.0064481	-0.173802	-0.0099351	-0.0725991	-0.0746642	-0.0516048	0.0008463	-0.084
0.0047845	0.0067394	-0.1750626	-0.0099575	-0.0732493	-0.0751329	-0.0521256	0.0008613	-0.106
0.0048301	0.0067691	-0.1750999	-0.009947	-0.0732258	-0.0751757	-0.0521331	0.000878	-0.106
0.0048799	0.0068064	-0.1750648	-0.0099672	-0.0732464	-0.075178	-0.0521537	0.0008717	-0.106
0.0048759	0.0068069	-0.1751243	-0.0099634	-0.0732518	-0.0751766	-0.052125	0.0008917	-0.106
0.0048444	0.0067484	-0.1751041	-0.0099134	-0.0732557	-0.0751411	-0.0521401	0.0008133	-0.106
0.0052596	0.0070513	-0.1764785	-0.0099766	-0.0739123	-0.0757046	-0.0526512	0.0008594	-0.125
0.0052457	0.0070461	-0.1764704	-0.0099709	-0.0739281	-0.0756542	-0.0526684	0.0008276	-0.125
0.0052484	0.0070174	-0.176479	-0.0099721	-0.0738832	-0.0757264	-0.0526537	0.0008421	-0.125
0.0053144	0.0070396	-0.1764833	-0.0099848	-0.0738801	-0.0756786	-0.0526667	0.0008912	-0.125
0.0052483	0.0070348	-0.176432	-0.0099218	-0.0739038	-0.0757307	-0.0527222	0.0008766	-0.125
0.0056618	0.0073203	-0.1780339	-0.0100109	-0.0746224	-0.0763426	-0.0532188	0.0008205	-0.146
0.0055987	0.0072814	-0.1780827	-0.0099691	-0.0746303	-0.0762672	-0.0532504	0.0008659	-0.146
0.0056441	0.0072993	-0.1779899	-0.0099452	-0.0746652	-0.076353	-0.0532611	0.0008264	-0.146
0.0056246	0.0073148	-0.1780102	-0.0099722	-0.0746299	-0.0763174	-0.053256	0.0008656	-0.146
0.0056304	0.0073129	-0.1780281	-0.0099713	-0.0746188	-0.0762722	-0.0532681	0.0009105	-0.146
0.0059813	0.0075403	-0.1796532	-0.0099564	-0.0754045	-0.0769945	-0.0538183	0.0008366	-0.169
0.0059975	0.0075852	-0.1796205	-0.0099706	-0.075418	-0.0769707	-0.0538163	0.0008845	-0.169
0.0060053	0.0075863	-0.1796334	-0.0099258	-0.0753954	-0.0769647	-0.0538255	0.0008838	-0.169
0.0059959	0.0075575	-0.1795868	-0.0099749	-0.0754317	-0.0769907	-0.0538264	0.0009138	-0.169
0.0060168	0.0075858	-0.1796035	-0.0099243	-0.0754571	-0.0770077	-0.0538529	0.0008911	-0.169
0.0062521	0.0077634	-0.1811147	-0.0100133	-0.0762001	-0.0775364	-0.0544219	0.0008542	-0.188
0.0063559	0.0078237	-0.1811969	-0.0099536	-0.07612	-0.0775753	-0.054323	0.0008614	-0.188
0.0063086	0.0077729	-0.1811619	-0.0099869	-0.0761648	-0.0775426	-0.0543715	0.0008656	-0.188
0.0063085	0.0078033	-0.1811264	-0.0099572	-0.076105	-0.0775774	-0.054366	0.0008643	-0.188
0.0063725	0.0078116	-0.1811475	-0.0099825	-0.0760496	-0.0775778	-0.0543333	0.0008714	-0.188
0.0066656	0.0080244	-0.1827376	-0.0099796	-0.0768671	-0.0782414	-0.0549317	0.000862	-0.21
0.0066477	0.0080321	-0.1827618	-0.0099705	-0.0768554	-0.0782288	-0.0549422	0.0009715	-0.21
0.0066427	0.0080178	-0.1827263	-0.0099527	-0.0768476	-0.0782457	-0.0549142	0.0008652	-0.21
0.0066865	0.0080479	-0.1826833	-0.0099433	-0.0768919	-0.0782268	-0.0549199	0.0008572	-0.21
0.0066251	0.0080235	-0.1827502	-0.0099547	-0.0768649	-0.0781898	-0.0549142	0.000807	-0.21
0.0069445	0.0082354	-0.184287	-0.0112304	-0.077557	-0.0788294	-0.0554453	0.0008633	-0.232
0.0069794	0.0082639	-0.1842767	-0.0099541	-0.0775974	-0.0788753	-0.0554444	0.0008661	-0.232
0.0070081	0.0082432	-0.184329	-0.0098904	-0.0776344	-0.0788577	-0.0554292	0.0008547	-0.232
0.006988	0.0082166	-0.1843031	-0.0099643	-0.0775928	-0.0788682	-0.0554729	0.0008529	-0.232
0.0069727	0.00821	-0.1842851	-0.0099552	-0.0776042	-0.0788133	-0.0554566	0.000859	-0.232
