
v1	v2	v3	v4	v5	v6	v7	v8	time
0.0005242	0.0015421	-0.0429912	-0.0099935	-0.0158999	-0.016863	-0.0151551	-0.004174	11.67
0.0005501	0.0015518	-0.0431115	-0.0099775	-0.0159624	-0.0168945	-0.0153334	-0.0040081	27.11
0.0005789	0.0014876	-0.0433691	-0.0101416	-0.0158289	-0.0170432	-0.0154699	-0.003975	42.56
0.000615	0.0024396	-0.0438497	-0.0100382	-0.0164768	-0.0170896	-0.0152697	-0.0039898	58.05
0.0005357	0.0015977	-0.0436588	-0.0096833	-0.0161147	-0.0171609	-0.0153236	-0.0039731	73.48
0.0006298	0.0017108	-0.0438207	-0.009987	-0.0162358	-0.0172379	-0.0155099	-0.0039893	88.92
0.0005488	0.0015905	-0.0441541	-0.0099871	-0.0163622	-0.0173932	-0.0155012	-0.003963	104.41
0.0006799	0.0017289	-0.0441694	-0.0099254	-0.0163762	-0.0174292	-0.015416	-0.003946	119.85
-0.0004159	0.0013688	-0.0445934	-0.010078	-0.0165524	-0.0175903	-0.0155634	-0.0039341	135.28
0.0006609	0.0016915	-0.0445482	-0.0099416	-0.0165029	-0.017606	-0.0157246	-0.0039453	150.75
0.0006747	0.0016263	-0.0447782	-0.0099016	-0.0165038	-0.0175724	-0.0155648	-0.0039219	166.21
0.0007304	0.0015444	-0.0450439	-0.0100515	-0.0167386	-0.0177783	-0.0157154	-0.0039089	181.69
0.0006217	0.0019583	-0.0451367	-0.0099556	-0.0167562	-0.0179401	-0.0158298	-0.0038847	197.1
0.0006944	0.001597	-0.0452618	-0.0098457	-0.0168722	-0.0178784	-0.0158157	-0.0038973	212.54
0.0006581	0.00173	-0.0455036	-0.0098227	-0.0169131	-0.0179937	-0.01578	-0.0038826	228.02
0.0007724	0.001806	-0.0456229	-0.0099286	-0.0169729	-0.0180507	-0.01588	-0.0038709	243.52
0.0007811	0.0016258	-0.0462275	-0.0097449	-0.0167951	-0.0179764	-0.0169456	-0.0038664	258.96
0.0006744	0.0016928	-0.0458401	-0.0099689	-0.0170543	-0.0181141	-0.016025	-0.0038783	274.41
0.0006705	0.0016652	-0.0458609	-0.0098033	-0.0170801	-0.0181296	-0.0159204	-0.0038637	289.91
0.0006548	0.0017043	-0.0457837	-0.0100168	-0.0173522	-0.0179312	-0.0157967	-0.0038602	305.4
0.000645	0.0017552	-0.0457912	-0.0099615	-0.0170087	-0.0180664	-0.0158571	-0.0038586	320.85
0.0006935	0.00172	-0.0457299	-0.0099311	-0.0170246	-0.0180808	-0.0158772	-0.0038718	336.31
0.0006761	0.0017432	-0.0456649	-0.009932	-0.0169885	-0.0180548	-0.0158321	-0.003868	351.76
0.000701	0.0017884	-0.0457777	-0.0096677	-0.0170838	-0.0179705	-0.0158577	-0.003867	367.23
0.0006625	0.0017576	-0.0457203	-0.0100616	-0.0169605	-0.0180609	-0.0171164	-0.0039142	382.7
0.0007319	0.0017255	-0.0457415	-0.0099169	-0.0170203	-0.0181371	-0.0158487	-0.0038547	398.2
0.000678	0.0018362	-0.045858	-0.0102199	-0.0171393	-0.0182114	-0.0161344	-0.0038557	413.69
0.0007254	0.0017739	-0.045922	-0.0099281	-0.0170831	-0.0182135	-0.0159522	-0.0038537	429.17
0.0006951	0.0016915	-0.0460275	-0.0091257	-0.017143	-0.0182839	-0.0159566	-0.0038536	444.64
0.000684	0.0016517	-0.0462583	-0.0099529	-0.0171753	-0.0182505	-0.0161603	-0.0038442	460.1
0.0007059	0.0017398	-0.0463401	-0.0099532	-0.0171859	-0.0184079	-0.0161036	-0.0038409	475.55
0.0006524	0.0017373	-0.0464566	-0.0099087	-0.017402	-0.0183824	-0.0159712	-0.0038259	490.97
0.0006815	0.001703	-0.0465095	-0.009998	-0.0173827	-0.01845	-0.016048	-0.0038137	506.43
0.0007536	0.0017628	-0.0466766	-0.0099863	-0.0174582	-0.018485	-0.0161919	-0.0038161	521.86
0.0006356	0.001721	-0.0468883	-0.0099757	-0.01754	-0.0186041	-0.0161952	-0.0037748	537.38
0.0006342	0.0017404	-0.0470064	-0.0100135	-0.0175476	-0.0186687	-0.0162383	-0.003811	552.83
0.0006373	0.0010012	-0.0471782	-0.0100058	-0.0176085	-0.0186962	-0.0163206	-0.0038053	568.34
0.0007383	0.0017773	-0.0473308	-0.0097972	-0.0177113	-0.0187796	-0.0165254	-0.0038258	583.79
0.0006905	0.0017409	-0.0474445	-0.010041	-0.0177597	-0.0188684	-0.0163359	-0.0039541	599.27
0.0001063	0.0017639	-0.0476207	-0.0100032	-0.0178562	-0.0189346	-0.0164092	-0.0037895	614.71
0.0006181	0.0016515	-0.0478139	-0.0100921	-0.017989	-0.0188988	-0.0164775	-0.0037871	630.18
0.0003533	0.0014449	-0.0481321	-0.0100695	-0.0181297	-0.0192233	-0.0166149	-0.0037769	645.65
0.000598	0.0017358	-0.0482335	-0.0099947	-0.0180722	-0.0192361	-0.0166692	-0.0037527	661.12
0.0006708	0.0017282	-0.0483745	-0.0099301	-0.0182565	-0.0192942	-0.016627	-0.0037453	676.61
0.0006251	0.0017827	-0.0486742	-0.0099785	-0.0183637	-0.0194291	-0.0168551	-0.0037126	692.06
0.0008379	0.0019344	-0.0486321	-0.0099489	-0.0183875	-0.0195098	-0.018336	-0.0037829	707.51
0.0007619	0.0017917	-0.0491556	-0.0093686	-0.0186552	-0.0198359	-0.0170583	-0.0037092	722.94
0.0006939	0.0018045	-0.0496219	-0.0101257	-0.0187341	-0.0200234	-0.0170624	-0.0036914	738.41
0.0004082	0.0016927	-0.0499374	-0.0100949	-0.0187481	-0.0198707	-0.0170191	-0.003748	753.83
0.000827	0.0018753	-0.0501351	-0.0099587	-0.018849	-0.0203295	-0.01707	-0.0036624	769.28
0.0004594	0.0017638	-0.0505151	-0.0100623	-0.0192475	-0.0207841	-0.0173369	-0.0037372	784.72
0.0004404	0.0015215	-0.0505256	-0.0100228	-0.0190999	-0.0201317	-0.0173894	-0.0035537	800.2
0.0006837	0.0018153	-0.0501695	-0.0099959	-0.0191543	-0.0201422	-0.0171667	-0.0036406	815.66
0.0003057	0.0019704	-0.0506394	-0.0100716	-0.0191853	-0.0202415	-0.0172895	-0.0036277	831.08
0.0005432	0.001804	-0.0508224	-0.0102449	-0.0191519	-0.0198714	-0.017407	-0.0036274	846.53
0.0008137	0.001754	-0.0507138	-0.0099222	-0.0191151	-0.0203946	-0.0173155	-0.0036317	862.0
0.0006754	0.0024327	-0.0508019	-0.009779	-0.0221143	-0.0201525	-0.0173541	-0.0036224	877.44
0.0010182	0.0019345	-0.0507979	-0.0096617	-0.0190505	-0.0206062	-0.0171865	-0.0036345	892.91
0.0017469	0.0020225	-0.0504888	-0.0098964	-0.0190514	-0.0201813	-0.0174176	-0.0036556	908.38
0.0006727	0.0019449	-0.050492	-0.0099331	-0.0190037	-0.0201479	-0.01717	-0.003631	923.85
0.0010033	0.0019924	-0.0504782	-0.0099567	-0.0191104	-0.0201435	-0.0171623	-0.0036294	939.32
0.0007444	0.0019261	-0.0504692	-0.0099864	-0.0178883	-0.0203542	-0.0164299	-0.003628	954.79
0.0008389	0.0019968	-0.0506227	-0.0098637	-0.0190662	-0.02084	-0.0169505	-0.0036089	970.21
0.0007926	0.0020536	-0.0507971	-0.0097082	-0.0191491	-0.0201059	-0.0172907	-0.0035946	985.65
0.0008558	0.0019488	-0.0509423	-0.0098823	-0.019185	-0.0203681	-0.0173262	-0.0036126	1001.13
0.0007949	0.0020062	-0.0517552	-0.0096752	-0.0192001	-0.0203621	-0.0174231	-0.0035944	1016.55
0.0008033	0.0019478	-0.0515123	-0.0099229	-0.0195877	-0.0206595	-0.0176413	-0.0035744	1032.01
0.0007639	0.0019769	-0.0518137	-0.009979	-0.0196134	-0.0208605	-0.0175685	-0.0035702	1047.49
0.000814	0.0019637	-0.0521677	-0.0098911	-0.019796	-0.0209247	-0.0176543	-0.003555	1062.98
0.0007931	0.0019722	-0.0525063	-0.0099478	-0.0199352	-0.0210862	-0.0177453	-0.0035508	1078.46
0.000871	0.0019917	-0.0527795	-0.0098938	-0.0200404	-0.0212511	-0.0178807	-0.0035291	1093.92
0.0007668	0.0019256	-0.0524325	-0.0098625	-0.0202002	-0.0213428	-0.0179098	-0.0035037	1109.37
0.0009746	0.0019773	-0.0534436	-0.0099322	-0.020311	-0.0215059	-0.0179525	-0.0034727	1124.86
0.0008378	0.00202	-0.0537284	-0.0098833	-0.020378	-0.0216588	-0.0180878	-0.0034834	1140.34
0.0008209	0.0020149	-0.0540525	-0.0099508	-0.0205913	-0.0218147	-0.0181695	-0.0034733	1155.83
0.0008275	0.0020904	-0.0542848	-0.0099176	-0.0207094	-0.0218998	-0.0181999	-0.0034495	1171.3
0.0008457	0.0020885	-0.0545571	-0.0099041	-0.0207849	-0.0220993	-0.0182669	-0.0034464	1186.74
0.0008406	0.0020273	-0.054949	-0.0099286	-0.0209369	-0.022201	-0.0183967	-0.0034322	1202.17
0.000833	0.0021578	-0.0552177	-0.0099001	-0.0210537	-0.0223801	-0.0185094	-0.0034476	1217.61
0.0007681	0.0019782	-0.0557018	-0.0099058	-0.0212627	-0.0224106	-0.0186273	-0.003407	1233.13
0.0008312	0.0020255	-0.0558994	-0.0099969	-0.0214443	-0.0226411	-0.0186224	-0.0032864	1248.57
0.0008251	0.002055	-0.0561659	-0.0099583	-0.0214115	-0.022793	-0.0186393	-0.0033706	1264.05
0.0010591	0.0020907	-0.0564604	-0.0099428	-0.0216034	-0.0228586	-0.0188274	-0.0033661	1279.51
0.0008281	0.0020646	-0.0567398	-0.0098949	-0.0213634	-0.0228973	-0.0189634	-0.0033498	1294.94
0.0003455	0.0010641	-0.0572902	-0.0097981	-0.0219149	-0.0231757	-0.0190473	-0.0034906	1310.41
0.0008454	0.0021097	-0.0572823	-0.0099459	-0.0219651	-0.0232785	-0.019045	-0.0033352	1325.88
0.000882	0.0020733	-0.0575369	-0.0100269	-0.021978	-0.023335	-0.0190794	-0.0033204	1341.32
0.0008658	0.0020877	-0.0578578	-0.0100655	-0.0222052	-0.0235074	-0.0191871	-0.0033057	1356.77
0.0008403	0.0021036	-0.0580153	-0.0099801	-0.0226534	-0.0234755	-0.0192656	-0.0032987	1372.26
0.0008727	0.0020884	-0.0582492	-0.009991	-0.0224771	-0.0237388	-0.0192919	-0.003277	1387.73
0.0011921	0.0020494	-0.0583212	-0.0101133	-0.0226108	-0.023733	-0.0194049	-0.0032802	1403.18
0.0008615	0.0021026	-0.058747	-0.0099168	-0.0226641	-0.0238707	-0.0194403	-0.0032671	1418.62
0.0008921	0.0021299	-0.0590067	-0.0099839	-0.0225809	-0.0239037	-0.0194962	-0.0032955	1434.06
0.0009151	0.0016673	-0.0593427	-0.0110584	-0.0226041	-0.0239837	-0.0195858	-0.0032549	1449.48
0.0009339	0.0027156	-0.0591433	-0.0097093	-0.0229214	-0.0247374	-0.0197488	-0.0032281	1464.93
0.000805	0.0021976	-0.0595995	-0.00988	-0.023081	-0.024304	-0.0196867	-0.0032402	1480.39
0.0009599	0.0021299	-0.0598249	-0.0099732	-0.0231127	-0.0243422	-0.0197258	-0.0032121	1495.87
0.0009142	0.0021843	-0.0602609	-0.0099307	-0.0227988	-0.023881	-0.0197909	-0.0032068	1511.33
0.0009012	0.0021505	-0.060285	-0.0099512	-0.0233284	-0.0246156	-0.0198457	-0.0030871	1526.81
0.00092	0.0022302	-0.0605312	-0.009934	-0.0233482	-0.024647	-0.0199267	-0.0031647	1542.25
0.0010111	0.0021828	-0.060738	-0.0097847	-0.023557	-0.0248187	-0.0200051	-0.0031658	1557.73
0.0009102	0.0021223	-0.0611748	-0.0100831	-0.0236569	-0.0249027	-0.0201116	-0.0031651	1569.22
0.0005727	0.0021253	-0.0613302	-0.010034	-0.0237773	-0.0250628	-0.0201832	-0.0031676	1580.71
0.0008589	0.0021394	-0.0614638	-0.009922	-0.0238291	-0.0251699	-0.0202789	-0.0031575	1592.16
0.0008662	0.0021182	-0.061633	-0.0100295	-0.0238701	-0.0251826	-0.0201891	-0.0031457	1603.6
0.0008771	0.0021628	-0.0617084	-0.0100116	-0.0239716	-0.0252008	-0.0202083	-0.0031309	1615.1
0.000962	0.0017005	-0.0619042	-0.0105124	-0.0242027	-0.0251505	-0.0202161	-0.0031288	1626.56
0.0008387	0.0022147	-0.0620844	-0.0098743	-0.0240914	-0.025422	-0.020309	-0.0031326	1638.03
0.0009061	0.0021996	-0.0621522	-0.0100109	-0.0242682	-0.0254387	-0.0203718	-0.0031236	1649.46
0.0009889	0.0022204	-0.0622784	-0.0099133	-0.0241635	-0.0254527	-0.0203248	-0.003131	1660.92
0.0010065	0.0021986	-0.062447	-0.0099606	-0.024281	-0.0255541	-0.0204165	-0.0030934	1672.39
0.0009459	0.0022403	-0.0625863	-0.0099893	-0.0243881	-0.025633	-0.0206504	-0.0030908	1683.84
0.0009584	0.002206	-0.0628083	-0.009938	-0.0243497	-0.0256226	-0.0204859	-0.0030859	1695.33
0.0009379	0.0023793	-0.062911	-0.0099357	-0.0244458	-0.0257269	-0.0205066	-0.0030791	1706.82
0.0010064	0.0022281	-0.0630186	-0.0100908	-0.0245218	-0.0256154	-0.0206644	-0.0030643	1718.22
0.000884	0.0022442	-0.0631831	-0.0099533	-0.0245818	-0.0259125	-0.020557	-0.0030623	1729.68
0.0009161	0.0021961	-0.0633149	-0.0099608	-0.024639	-0.0259374	-0.0206523	-0.0030605	1741.15
0.0009777	0.0022047	-0.0634343	-0.0099675	-0.024677	-0.0259415	-0.0206862	-0.0030525	1752.62
0.0009767	0.0022049	-0.0636123	-0.0098952	-0.0246676	-0.0260425	-0.020756	-0.0030473	1764.07
0.0009837	0.0022132	-0.0636868	-0.0099979	-0.0248554	-0.026063	-0.0207185	-0.0030403	1775.57
0.0009778	0.0020809	-0.063886	-0.0099193	-0.0248482	-0.026098	-0.0208116	-0.0030459	1787.04
0.0009555	0.0022382	-0.0639609	-0.0099133	-0.0249526	-0.0261595	-0.0208149	-0.0030419	1798.53
0.0007239	0.0019591	-0.0640252	-0.0099427	-0.0250082	-0.026264	-0.0208661	-0.0030291	1809.98
0.0009929	0.0022447	-0.0642398	-0.0099748	-0.0249937	-0.026303	-0.0209079	-0.003024	1821.48
0.0009543	0.0022958	-0.0643755	-0.0100777	-0.0250523	-0.0263813	-0.0208919	-0.0030019	1832.92
0.001007	0.0022405	-0.0645439	-0.009991	-0.0251732	-0.026305	-0.0209732	-0.0030229	1844.38
0.0009199	0.0021983	-0.0644907	-0.0100616	-0.0252788	-0.0266261	-0.0210362	-0.003009	1855.83
0.0009461	0.0022226	-0.0647165	-0.0099382	-0.025316	-0.0265458	-0.0210713	-0.003022	1867.32
0.0008295	0.0021167	-0.0649528	-0.0100565	-0.0254	-0.0266266	-0.0210394	-0.002991	1878.8
0.0009274	0.0021948	-0.0651523	-0.0100351	-0.0254258	-0.0266722	-0.021168	-0.0029976	1890.31
0.0009109	0.0020777	-0.0652025	-0.0100568	-0.0255503	-0.0267695	-0.0212214	-0.0029946	1901.74
0.0009158	0.0019443	-0.0653065	-0.0102099	-0.02542	-0.0269139	-0.0212448	-0.0029917	1913.26
0.0008927	0.0021446	-0.0654483	-0.0100527	-0.0255783	-0.0268472	-0.0212036	-0.0029877	1924.73
0.0009455	0.0021877	-0.065596	-0.010067	-0.0257071	-0.026955	-0.02137	-0.002994	1936.19
0.0008917	0.0021822	-0.0656732	-0.0100167	-0.0256715	-0.0269156	-0.0213466	-0.0029625	1947.61
0.0009823	0.0022066	-0.0657204	-0.0100311	-0.0257044	-0.026974	-0.0213558	-0.002995	1959.03
0.0008319	0.0020101	-0.0659864	-0.0101301	-0.0258034	-0.027039	-0.0213876	-0.0029691	1970.5
0.0009462	0.0022198	-0.0659862	-0.0099602	-0.0258344	-0.0270563	-0.0214129	-0.0029411	1981.99
0.0009293	0.0022305	-0.0661118	-0.009854	-0.025998	-0.0270641	-0.0213358	-0.002933	1993.46
0.0010538	0.0022058	-0.0661539	-0.009915	-0.0258992	-0.0272292	-0.0214227	-0.0029294	2004.93
0.0010187	0.0022576	-0.0663378	-0.0099718	-0.0259934	-0.0272606	-0.0216337	-0.0029335	2016.41
0.0009835	0.0021271	-0.0666588	-0.0099817	-0.0260419	-0.0273061	-0.0214913	-0.0029179	2027.87
0.0018008	0.0028867	-0.0661093	-0.0095878	-0.0256401	-0.0270327	-0.0213077	-0.0028728	2039.29
0.0012738	0.0025141	-0.0664657	-0.0098538	-0.0259191	-0.0272017	-0.0214591	-0.0028898	2050.7
0.0011634	0.0024388	-0.0666367	-0.0099422	-0.0260273	-0.0273508	-0.0215622	-0.0028882	2062.17
0.0011184	0.0019251	-0.066831	-0.0099618	-0.0261788	-0.0274547	-0.0216104	-0.0029055	2073.62
0.0010362	0.0023808	-0.0668863	-0.009875	-0.0261417	-0.0274747	-0.0215394	-0.0028909	2085.09
0.0010895	0.0023509	-0.0669754	-0.0099312	-0.0262824	-0.0275289	-0.02159	-0.0028915	2096.59
0.0010466	0.0023538	-0.0671272	-0.0098625	-0.0262319	-0.0275172	-0.0216467	-0.0028853	2108.05
0.0005595	0.0023498	-0.0668996	-0.0099115	-0.0264153	-0.0275528	-0.0216413	-0.0028952	2119.54
0.0010153	0.001016	-0.0669189	-0.0100892	-0.0265915	-0.0279153	-0.0221631	-0.0028743	2130.97
0.0009563	0.0022409	-0.0680913	-0.009925	-0.0267538	-0.0279644	-0.022028	-0.0028649	2142.46
0.0009653	0.0022442	-0.0686704	-0.0100324	-0.0272747	-0.0283857	-0.0221499	-0.0029551	2153.93
0.0007901	0.0025987	-0.0693912	-0.0099626	-0.0273439	-0.0287668	-0.0224675	-0.0028284	2165.4
0.0010624	0.0022177	-0.0702844	-0.0100849	-0.02781	-0.0291964	-0.0226789	-0.0027171	2176.84
0.0012025	0.0023081	-0.0714471	-0.0105895	-0.0283078	-0.0297089	-0.0227566	-0.0027153	2188.28
0.0010275	0.0023548	-0.0724387	-0.0100622	-0.0289278	-0.0301304	-0.0232932	-0.0026761	2199.76
0.0011246	0.0023112	-0.0736504	-0.0100128	-0.0294157	-0.0307033	-0.0238398	-0.0026489	2211.19
0.0010775	0.0023416	-0.0748543	-0.0100379	-0.0298842	-0.0312329	-0.0239826	-0.0024586	2222.64
0.0011768	0.0025592	-0.0759887	-0.0097128	-0.0304654	-0.0317867	-0.0241981	-0.0025009	2234.06
0.0012833	0.0023425	-0.0771425	-0.0099013	-0.0310407	-0.0323654	-0.0246411	-0.0024971	2245.48
0.0012258	0.0025144	-0.0787814	-0.0101189	-0.0315997	-0.0329048	-0.0250408	-0.0023728	2256.91
0.0010492	0.0024678	-0.0802467	-0.0100227	-0.0323402	-0.0336346	-0.0253283	-0.0023836	2268.38
0.0011918	0.0025256	-0.081565	-0.0100595	-0.0328786	-0.0342133	-0.025732	-0.0023398	2279.85
0.0012216	0.0025616	-0.0829555	-0.01003	-0.0335134	-0.0348591	-0.0260486	-0.0022796	2291.28
0.0012875	0.0025563	-0.0844877	-0.009935	-0.0341674	-0.0355361	-0.0264268	-0.0022194	2302.72
0.0013022	0.0026074	-0.0858749	-0.0101011	-0.0347244	-0.0362736	-0.0269703	-0.0021577	2314.14
0.0013622	0.0026412	-0.0873704	-0.0100003	-0.0353948	-0.0367789	-0.0272865	-0.0021062	2325.58
0.0016095	0.0026718	-0.0895624	-0.0099871	-0.0360457	-0.0374323	-0.0277543	-0.0020579	2337.04
0.0013515	0.0026324	-0.0904011	-0.0100463	-0.0367188	-0.038054	-0.0280867	-0.0019982	2348.48
0.0014461	0.0027574	-0.0917797	-0.0100496	-0.0373184	-0.0387343	-0.0285392	-0.0019498	2359.93
0.001876	0.0028314	-0.0930329	-0.0098367	-0.0379369	-0.0393305	-0.0288718	-0.0018616	2371.42
0.001265	0.0026537	-0.0943518	-0.0103641	-0.038555	-0.0399456	-0.0280458	-0.0018798	2382.87
0.0016464	0.0028552	-0.0954986	-0.0102258	-0.0389278	-0.0403732	-0.0294779	-0.0018007	2394.32
0.0015113	0.0029036	-0.0965506	-0.010012	-0.039367	-0.0407937	-0.0297203	-0.0017676	2405.81
0.0015499	0.0029294	-0.09756	-0.0100383	-0.039721	-0.0411928	-0.0299776	-0.0017404	2417.28
0.0015954	0.0029327	-0.0995967	-0.0099718	-0.0401551	-0.0416832	-0.0302392	-0.0017026	2428.72
0.001569	0.0027574	-0.0995415	-0.0100535	-0.0404582	-0.0419375	-0.0304619	-0.0016565	2440.19
0.0015665	0.0030037	-0.1000835	-0.0099925	-0.0408587	-0.0422852	-0.0306578	-0.0016232	2451.68
0.0016443	0.0030654	-0.1009213	-0.0100377	-0.0410919	-0.042625	-0.0308185	-0.0015973	2463.15
0.0015393	0.0032244	-0.1012484	-0.0099515	-0.0413507	-0.0428988	-0.0309984	-0.001581	2474.62
0.0016104	0.0030997	-0.1021004	-0.0099538	-0.0416336	-0.0431899	-0.0312101	-0.00154	2486.07
0.0016291	0.0031074	-0.1026923	-0.0101441	-0.0418737	-0.0433957	-0.0318306	-0.0015287	2497.52
0.0016249	0.0031013	-0.1032228	-0.0099961	-0.0421421	-0.0436644	-0.0314782	-0.0015041	2508.99
0.0017165	0.00306	-0.104047	-0.0098788	-0.0422845	-0.0438266	-0.0315878	-0.0014789	2520.48
0.0016616	0.003176	-0.1041203	-0.0099702	-0.0427271	-0.0440827	-0.0317149	-0.0014709	2531.95
0.0016795	0.0031546	-0.104649	-0.009854	-0.0427597	-0.0442601	-0.0317827	-0.00145	2543.39
0.0016601	0.0031098	-0.1049419	-0.00999	-0.0429086	-0.044419	-0.0319445	-0.0014297	2554.84
0.0016634	0.0032501	-0.1053516	-0.0100566	-0.0429937	-0.0443988	-0.0320713	-0.0014167	2566.3
0.0015996	0.0031939	-0.1057556	-0.0100821	-0.0432933	-0.0448834	-0.0321955	-0.001394	2577.77
0.0016905	0.0031909	-0.1060526	-0.0098124	-0.0431463	-0.0449018	-0.0323224	-0.0013868	2589.24
0.0016162	0.003236	-0.1063759	-0.0100471	-0.0435201	-0.0450264	-0.0324055	-0.0013833	2600.71
0.0017211	0.0032684	-0.1067292	-0.0100882	-0.0436477	-0.0455048	-0.032499	-0.0013829	2612.15
0.0016623	0.003123	-0.107113	-0.0100281	-0.0437075	-0.0453292	-0.0325312	-0.0013508	2623.58
0.0016611	0.003241	-0.1073045	-0.0099913	-0.0438964	-0.0453939	-0.0326096	-0.0013448	2635.02
0.0016995	0.0032485	-0.1076308	-0.0100369	-0.044019	-0.0455957	-0.0327312	-0.0013536	2646.49
0.0016426	0.003226	-0.1079717	-0.0100266	-0.0441413	-0.0457419	-0.0327897	-0.0012784	2657.95
0.0017124	0.0032668	-0.1083072	-0.0100178	-0.0441793	-0.0458817	-0.0327182	-0.0012676	2669.37
0.0017135	0.0032962	-0.1086885	-0.0099002	-0.0444505	-0.0460485	-0.0330417	-0.0012701	2680.81
0.0017522	0.0033312	-0.1090726	-0.0099623	-0.0446432	-0.0462019	-0.033158	-0.001264	2692.25
0.001696	0.0033174	-0.10949	-0.0099963	-0.0448987	-0.0463478	-0.0332714	-0.0012397	2703.67
0.0016661	0.0032687	-0.1106507	-0.0103155	-0.0449846	-0.046755	-0.0336915	-0.00123	2715.09
0.0017126	0.0033169	-0.1103712	-0.0099921	-0.045263	-0.0467845	-0.033488	-0.0012241	2726.56
0.0017789	0.0033661	-0.1108299	-0.0100146	-0.0453729	-0.0470067	-0.034407	-0.001311	2738.0
0.0016351	0.0032448	-0.1113252	-0.0100935	-0.0455571	-0.0472789	-0.0338516	-0.0012001	2749.44
0.0018449	0.0033013	-0.1117804	-0.010001	-0.0458123	-0.0474105	-0.0338678	-0.0011681	2760.89
0.0018415	0.0033484	-0.1123125	-0.0099328	-0.0460901	-0.047613	-0.0340319	-0.001161	2772.39
0.0017471	0.0034268	-0.1128321	-0.009908	-0.0461834	-0.0479164	-0.0342012	-0.0011379	2783.86
0.0018506	0.0034882	-0.113264	-0.0099948	-0.0465842	-0.0481824	-0.0343397	-0.0011636	2795.32
0.0016185	0.0033046	-0.1139924	-0.0101027	-0.0468407	-0.0484377	-0.0344528	-0.0011262	2806.79
0.0017592	0.0033125	-0.1136877	-0.0099618	-0.0468461	-0.0486796	-0.0345197	-0.0010798	2818.23
0.0018364	0.003501	-0.1148688	-0.0100076	-0.04717	-0.048858	-0.0347593	-0.001069	2829.65
0.0018545	0.0034444	-0.11543	-0.0100731	-0.0475139	-0.0491223	-0.0349867	-0.0010468	2841.07
0.0018539	0.0035044	-0.1159974	-0.0100052	-0.0476221	-0.0493087	-0.0350996	-0.0010365	2852.51
0.0018682	0.0035364	-0.1163733	-0.0101556	-0.0476361	-0.049904	-0.0352539	-0.001135	2863.96
0.0018962	0.0035584	-0.1170501	-0.0099637	-0.0480863	-0.0497999	-0.0353435	-0.0009823	2875.43
0.001913	0.0035998	-0.1176027	-0.0099796	-0.048344	-0.0499248	-0.0354652	-0.0009724	2886.86
0.0019084	0.003582	-0.1180999	-0.0099995	-0.0487709	-0.0502579	-0.0356985	-0.0009764	2898.29
0.001935	0.0035871	-0.1187224	-0.0107078	-0.0492283	-0.0506794	-0.035808	-0.0009298	2909.73
0.0019074	0.0038402	-0.1192665	-0.0099404	-0.0490407	-0.050738	-0.0359522	-0.0009602	2921.14
0.0019426	0.0036336	-0.1197476	-0.0100209	-0.0492807	-0.0510162	-0.0362938	-0.0009288	2932.58
0.0018745	0.0036199	-0.1203608	-0.0098895	-0.049415	-0.0512095	-0.0362479	-0.0008744	2944.0
0.0020046	0.0036892	-0.1209137	-0.0100011	-0.0496889	-0.0515645	-0.0364213	-0.0008575	2955.41
0.0018183	0.003687	-0.1212632	-0.0100183	-0.0500121	-0.0517291	-0.0366744	-0.0008394	2966.8
0.0021141	0.0039408	-0.1219902	-0.0099862	-0.0502515	-0.0520203	-0.0366763	-0.0008064	2978.23
0.0019642	0.0037989	-0.1226122	-0.0099463	-0.0504757	-0.052263	-0.0368226	-0.0008069	2989.64
0.0020507	0.0037564	-0.1230992	-0.0099798	-0.0507353	-0.0524704	-0.037037	-0.0007756	3001.05
0.0019841	0.0037799	-0.1238637	-0.0101006	-0.0508015	-0.052737	-0.0372079	-0.0007568	3012.47
0.0020257	0.0037732	-0.1241668	-0.0100106	-0.0512444	-0.052985	-0.0374218	-0.0007647	3023.86
0.0020923	0.0038191	-0.1248021	-0.0099975	-0.0514322	-0.0532155	-0.0375775	-0.0007424	3035.26
0.0019463	0.0037184	-0.1255023	-0.0100621	-0.0518071	-0.0535705	-0.0377031	-0.0006988	3046.69
0.002051	0.0037114	-0.1261024	-0.0100875	-0.052101	-0.0538053	-0.0378707	-0.0006803	3058.11
0.0020932	0.0037887	-0.1265849	-0.0100247	-0.0522334	-0.0540666	-0.0380518	-0.0006523	3069.53
0.0020182	0.0038575	-0.1271481	-0.0100035	-0.0525517	-0.0542845	-0.038202	-0.000631	3080.97
0.0020072	0.0038759	-0.1277318	-0.0100341	-0.0527214	-0.0544702	-0.0383706	-0.0006153	3092.42
0.0021039	0.003943	-0.1283098	-0.0100959	-0.0529345	-0.0556522	-0.0385196	-0.0006136	3103.86
0.0020745	0.0039273	-0.1292545	-0.0101886	-0.0522623	-0.0551185	-0.0387214	-0.000587	3115.28
0.0020652	0.0039591	-0.1296953	-0.0102611	-0.0536965	-0.0555642	-0.0390484	-0.0006004	3126.71
0.001961	0.0037507	-0.1302736	-0.0102343	-0.0538731	-0.0557616	-0.0391421	-0.0005527	3138.11
0.0020485	0.0039161	-0.1306597	-0.0100374	-0.0539591	-0.0558983	-0.0392001	-0.0005211	3149.57
0.0018654	0.0037967	-0.1311567	-0.0100342	-0.0542109	-0.0563285	-0.0398838	-0.0005094	3160.99
0.0022707	0.0039712	-0.1318246	-0.0100366	-0.0544611	-0.0563801	-0.0395393	-0.0004798	3172.43
0.0027266	0.0040224	-0.1323343	-0.0100083	-0.0547081	-0.0565808	-0.0396153	-0.0004629	3183.87
0.002005	0.0039502	-0.1329352	-0.010082	-0.0550789	-0.0570382	-0.0399303	-0.0004669	3195.27
0.0021321	0.0040365	-0.1335051	-0.01005	-0.0552166	-0.0571074	-0.0400147	-0.0004224	3206.68
0.0021819	0.0040674	-0.1340826	-0.0100073	-0.0554903	-0.0573414	-0.0401651	-0.0003921	3218.08
0.0020348	0.0041149	-0.1346698	-0.0100186	-0.0557248	-0.0576792	-0.0403285	-0.0003855	3229.49
0.0022231	0.0040188	-0.1354047	-0.0100306	-0.0560146	-0.0580306	-0.040627	-0.0003605	3240.91
0.0021288	0.0041169	-0.136245	-0.0100771	-0.0564096	-0.0583291	-0.0407947	-0.0003384	3252.35
0.0022094	0.0041076	-0.1368136	-0.0100363	-0.0566287	-0.058651	-0.040907	-0.0003081	3263.79
0.0022883	0.0042356	-0.1376164	-0.0099897	-0.0570056	-0.0589324	-0.0411684	-0.0002765	3275.21
0.0023244	0.0042415	-0.1384499	-0.009998	-0.05704	-0.0593594	-0.041387	-0.0002536	3286.63
0.0023128	0.0042966	-0.1393553	-0.0099809	-0.0577698	-0.0598002	-0.0416379	-0.0002172	3298.06
0.0023268	0.0040935	-0.1402128	-0.0100208	-0.0581653	-0.0602195	-0.0418367	-0.0001861	3309.48
0.0023935	0.0043162	-0.1412291	-0.0099887	-0.0586073	-0.0606572	-0.0422826	-0.0001569	3320.9
0.0023769	0.0043823	-0.1422363	-0.0099914	-0.0590618	-0.0611004	-0.0425259	-0.0001253	3332.34
0.0023672	0.0043446	-0.1431984	-0.0100188	-0.0594746	-0.0615172	-0.0427884	-8.92e-05	3343.74
0.0024131	0.0044398	-0.144271	-0.0100389	-0.0599354	-0.0621614	-0.0430483	-5.13e-05	3355.18
0.002496	0.0044798	-0.1453089	-0.0099883	-0.0603673	-0.062485	-0.043371	-1.69e-05	3366.59
0.0024437	0.0045132	-0.1463438	-0.0099934	-0.0608234	-0.063044	-0.043608	1.39e-05	3378.03
0.0024939	0.0045624	-0.1474537	-0.0099608	-0.061271	-0.0633991	-0.0439089	4.83e-05	3389.43
0.0025232	0.0045628	-0.1485117	-0.0100177	-0.0617206	-0.0638454	-0.0442111	7.92e-05	3400.86
0.0025306	0.0045813	-0.1495199	-0.0099841	-0.062216	-0.0643442	-0.0444916	0.000115	3412.25
0.002561	0.0046538	-0.1505234	-0.0099858	-0.0626288	-0.0647868	-0.0447819	0.0001579	3423.67
0.0025483	0.0046808	-0.1515611	-0.0099928	-0.0631029	-0.0652853	-0.0451628	0.0001643	3435.09
0.0025753	0.0046991	-0.152591	-0.0100803	-0.0635644	-0.0657606	-0.0453423	0.0002151	3446.54
0.0026144	0.0047248	-0.1536581	-0.00996	-0.0641196	-0.0661531	-0.0456911	0.0002344	3457.97
0.002623	0.0043153	-0.1548377	-0.0101089	-0.0647395	-0.0670502	-0.0459369	0.000282	3469.37
0.0026403	0.0047922	-0.1560377	-0.0100534	-0.0651227	-0.0671659	-0.0461859	0.0003347	3480.8
0.0026717	0.0049167	-0.1566689	-0.0099843	-0.0653731	-0.0675946	-0.0463333	0.0002876	3492.2
0.0032478	0.00483	-0.1577951	-0.0100225	-0.0658298	-0.0680526	-0.0467888	0.0003919	3503.61
0.0027327	0.0049648	-0.1588797	-0.010005	-0.066284	-0.0685851	-0.0470468	0.0004208	3515.01
0.0027782	0.0049194	-0.1599133	-0.0099668	-0.0666494	-0.0689358	-0.0473675	0.0004525	3526.4
0.0027532	0.0049895	-0.1610325	-0.0100119	-0.0672198	-0.0694313	-0.0476697	0.0004896	3537.81
0.0027321	0.0050317	-0.1619923	-0.0099613	-0.0676453	-0.0699818	-0.0482418	0.0005271	3549.2
0.0028112	0.0050142	-0.1630114	-0.0100415	-0.0680664	-0.0694844	-0.0482017	0.0006239	3560.61
0.0030494	0.0052149	-0.1639489	-0.0098796	-0.0684914	-0.070752	-0.0485503	0.0006072	3572.0
0.0028585	0.0050669	-0.1649901	-0.0099496	-0.0689332	-0.0713137	-0.0487853	0.0006482	3583.4
0.0029916	0.0054414	-0.1666548	-0.0101675	-0.0694876	-0.0719166	-0.0491606	0.0006653	3594.81
0.0028779	0.0051492	-0.1674199	-0.0099503	-0.0700426	-0.0723501	-0.0494861	0.0007001	3606.22
0.0028745	0.0051035	-0.1684128	-0.0100781	-0.0704874	-0.0728419	-0.0497809	0.0007328	3617.62
0.002889	0.0052271	-0.1695087	-0.0099988	-0.0709895	-0.0733485	-0.0504016	0.0007655	3629.04
0.0029398	0.005272	-0.1706097	-0.0100457	-0.071436	-0.0737887	-0.0503799	0.0008164	3640.47
0.0029956	0.0053433	-0.1717339	-0.0099524	-0.0718968	-0.0743556	-0.0506993	0.0008474	3651.91
0.0030586	0.0052803	-0.1729059	-0.0099936	-0.0724414	-0.0748371	-0.0511694	0.0008818	3663.31
0.0029623	0.0053548	-0.1741158	-0.0100668	-0.0727262	-0.0758494	-0.0513288	0.0009213	3674.7
0.0030463	0.0054443	-0.1745163	-0.0101019	-0.0734326	-0.0760567	-0.0516539	0.000963	3686.12
0.0030786	0.0054499	-0.17637	-0.0099796	-0.0739801	-0.076425	-0.0519751	0.0009964	3697.55
0.003114	0.0055205	-0.1775209	-0.0099839	-0.0744912	-0.0769304	-0.0522837	0.0010293	3708.95
0.0026514	0.0055342	-0.1787401	-0.0100371	-0.0751017	-0.0776082	-0.0526874	0.0010761	3720.36
0.0031308	0.0055482	-0.179904	-0.0100488	-0.0755523	-0.0779618	-0.05298	0.0011216	3731.81
0.0029128	0.0055776	-0.1810256	-0.0100099	-0.0763317	-0.0786155	-0.0536683	0.0011598	3743.2
0.0032485	0.0056657	-0.1822266	-0.0099763	-0.076489	-0.07902	-0.0534846	0.0012418	3754.63
0.003338	0.005763	-0.1834066	-0.0099268	-0.0770943	-0.079873	-0.0538292	0.0012307	3766.03
0.0032928	0.0059797	-0.1845242	-0.0100464	-0.077776	-0.0801939	-0.0541866	0.001265	3777.44
0.0030283	0.0057674	-0.1857181	-0.0099516	-0.0784647	-0.0807729	-0.0544647	0.0012973	3788.88
0.003303	0.0058106	-0.1868233	-0.0099758	-0.0785987	-0.0807101	-0.0549059	0.0013437	3800.3
0.0032455	0.0055953	-0.1880066	-0.0100183	-0.0791279	-0.0817419	-0.0551354	0.0013886	3811.74
0.003334	0.0058855	-0.1890567	-0.0100326	-0.0796013	-0.0823191	-0.0556748	0.0014156	3823.14
0.0030721	0.005928	-0.1902604	-0.0099702	-0.0801281	-0.0830425	-0.0558101	0.0014457	3834.55
0.0031932	0.0057243	-0.1913156	-0.0106241	-0.0807745	-0.0834768	-0.0562737	0.001476	3845.96
0.0031453	0.0057318	-0.1925504	-0.0098623	-0.0812115	-0.0836786	-0.0565827	0.0015535	3857.36
0.0036929	0.0058844	-0.1934533	-0.0100671	-0.0815744	-0.0842272	-0.0566261	0.0015855	3868.77
0.0034216	0.0060195	-0.1943919	-0.0100033	-0.0820042	-0.0846383	-0.0568165	0.0016187	3880.17
0.0034095	0.0060472	-0.1951886	-0.0100016	-0.0823341	-0.085057	-0.0572783	0.0016658	3891.58
0.0034809	0.0060805	-0.1962498	-0.0099424	-0.0828481	-0.0855495	-0.0573142	0.0016966	3902.97
0.003526	0.0058271	-0.1972196	-0.0101716	-0.0832614	-0.0859448	-0.0575273	0.0017549	3914.36
0.0035787	0.0058955	-0.197768	-0.0100641	-0.0836433	-0.0864037	-0.0578369	0.001778	3925.75
0.0035653	0.0061278	-0.1990262	-0.0100625	-0.0841566	-0.0867097	-0.0579977	0.001818	3937.16
0.0041381	0.006202	-0.1998469	-0.0100113	-0.0847326	-0.0871377	-0.0582489	0.0018426	3948.55
0.003509	0.0062739	-0.2006766	-0.0099378	-0.0848382	-0.0875295	-0.0583836	0.0018777	3959.95
0.0036119	0.0062315	-0.2014735	-0.0100133	-0.0851479	-0.087946	-0.0586232	0.0019195	3971.37
0.003676	0.0062542	-0.2021654	-0.010308	-0.0857186	-0.0904913	-0.0590104	0.0019261	3982.78
0.0035847	0.0062674	-0.2029347	-0.0100413	-0.086021	-0.0885831	-0.0589158	0.001987	3994.22
0.0036355	0.0063054	-0.2035329	-0.0100138	-0.0861583	-0.0889032	-0.0590842	0.0020225	4005.69
0.0036483	0.0063135	-0.2041662	-0.0099247	-0.0865459	-0.0891816	-0.0592685	0.0020639	4017.13
0.0036458	0.0063444	-0.2047383	-0.0100162	-0.0869106	-0.089501	-0.0593519	0.0021034	4028.57
0.0036859	0.0064696	-0.2053097	-0.0097413	-0.0869631	-0.089685	-0.0594562	0.0021393	4040.02
0.0037213	0.0064075	-0.20582	-0.0097855	-0.0871893	-0.089886	-0.0595992	0.0021768	4051.47
0.0037045	0.0064137	-0.2061365	-0.0100121	-0.0874739	-0.0901669	-0.0597208	0.0022057	4062.96
0.0036657	0.006376	-0.2063888	-0.0100351	-0.0876788	-0.0903094	-0.0598283	0.0022452	4074.42
0.003726	0.0063984	-0.206869	-0.0099747	-0.0879226	-0.0906151	-0.0597885	0.0022792	4085.89
0.0038041	0.0064144	-0.2070628	-0.0099934	-0.0879792	-0.0906561	-0.0598548	0.0023139	4097.36
0.0037571	0.0064129	-0.2072523	-0.0100032	-0.0881327	-0.0907932	-0.0599365	0.0023472	4108.81
0.0038356	0.0064336	-0.2074616	-0.0099988	-0.0882486	-0.090908	-0.0599073	0.0023757	4120.3
0.0037752	0.0064033	-0.207537	-0.0100287	-0.0881331	-0.0909733	-0.0598826	0.0024173	4131.77
0.003784	0.0064269	-0.2075778	-0.0100147	-0.0883254	-0.0910388	-0.0599052	0.0024469	4143.22
0.0037747	0.0064286	-0.2075434	-0.010009	-0.0885177	-0.0909971	-0.0599649	0.0024585	4154.66
0.0036626	0.0063323	-0.2075468	-0.0101065	-0.0884368	-0.0910099	-0.0598069	0.0024879	4166.13
0.0036847	0.0064311	-0.2077726	-0.0100304	-0.0881897	-0.0912589	-0.0597699	0.0025034	4177.58
0.0036184	0.0067131	-0.2073227	-0.010072	-0.0883764	-0.0909308	-0.0596661	0.0025619	4189.05
-0.0215534	0.0062887	-0.2069476	-0.0100282	-0.0881943	-0.0907666	-0.0595178	0.0025787	4200.52
0.0037219	0.0064812	-0.2066033	-0.009935	-0.088163	-0.0907418	-0.0593972	0.0026275	4211.96
0.0036785	0.0063304	-0.2062585	-0.0100362	-0.0881354	-0.0906283	-0.0593323	0.0026547	4223.42
0.0038379	0.0063644	-0.2058478	-0.0099714	-0.0879236	-0.0904325	-0.0591322	0.0026854	4234.89
0.0038051	0.0063677	-0.2052832	-0.0102137	-0.0876948	-0.0902777	-0.0589544	0.0027114	4246.34
0.0038049	0.0063676	-0.2048544	-0.0099204	-0.0875515	-0.090079	-0.0586255	0.0027388	4257.8
0.0038107	0.0062987	-0.2043071	-0.0100073	-0.0873174	-0.0898379	-0.0586128	0.0027756	4269.23
0.003798	0.0063048	-0.203736	-0.0099599	-0.0871914	-0.0895639	-0.058491	0.0027985	4280.72
0.0037488	0.0062918	-0.2031828	-0.0100243	-0.0869193	-0.089181	-0.0583642	0.0028266	4292.14
0.0036555	0.0062492	-0.2024488	-0.0099775	-0.0866213	-0.0890885	-0.0579602	0.002851	4303.64
0.0037726	0.0063081	-0.2016823	-0.0099962	-0.0862485	-0.0888244	-0.05774	0.0028313	4315.07
0.0037988	0.0061361	-0.2009361	-0.0099094	-0.0860425	-0.0884812	-0.0574887	0.0029191	4326.52
0.0036509	0.0061607	-0.1999883	-0.0099565	-0.0856929	-0.0881778	-0.0571554	0.0029386	4337.96
0.0036852	0.0061165	-0.1991546	-0.0099521	-0.085304	-0.0877591	-0.0568973	0.002966	4349.41
0.0038155	0.0046801	-0.199812	-0.009922	-0.0848096	-0.0873766	-0.0565865	0.0029886	4360.88
0.0037102	0.0061154	-0.1972543	-0.0099618	-0.0845931	-0.0869558	-0.0563153	0.003015	4372.35
0.0036533	0.0060958	-0.1962338	-0.0099042	-0.084367	-0.0864544	-0.0561295	0.0030074	4383.81
0.0035419	0.0060799	-0.1951744	-0.0100122	-0.0838388	-0.0860979	-0.055763	0.0030662	4395.28
0.0035798	0.005896	-0.1941327	-0.0099773	-0.0834416	-0.0856253	-0.0553398	0.0030867	4406.75
0.0036028	0.0059605	-0.1930459	-0.0099381	-0.0828522	-0.0851972	-0.0550929	0.0031114	4418.19
0.0035527	0.0058799	-0.1918879	-0.0099783	-0.0824487	-0.084713	-0.0547299	0.0031365	4429.66
0.0035652	0.0058225	-0.1906771	-0.0099558	-0.0819371	-0.084175	-0.0543994	0.0031569	4441.13
0.003524	0.0058453	-0.1894722	-0.0099426	-0.0814731	-0.0836563	-0.0540389	0.0031914	4452.56
0.0035267	0.0057526	-0.1882647	-0.0099238	-0.081002	-0.0831486	-0.0536261	0.0032155	4464.07
0.003443	0.0057387	-0.1870864	-0.0099275	-0.0804796	-0.082699	-0.0533048	0.0032301	4475.52
0.0034734	0.0056991	-0.1857218	-0.0098385	-0.0800884	-0.0820183	-0.05297	0.0032608	4486.97
0.0034609	0.0056574	-0.1845883	-0.0099768	-0.0794489	-0.0815919	-0.0526016	0.0032748	4498.43
0.0034855	0.0056272	-0.183496	-0.0099861	-0.0789708	-0.081127	-0.0522839	0.0032955	4509.88
0.0034523	0.0056369	-0.1823638	-0.0099259	-0.078444	-0.0806376	-0.0519199	0.0033215	4521.35
0.0034011	0.0056005	-0.1812504	-0.0100039	-0.0780182	-0.0802359	-0.0516495	0.0033358	4532.79
0.0033982	0.0055348	-0.1801393	-0.0099725	-0.0775831	-0.0796806	-0.0513428	0.0033595	4544.23
0.0033532	0.0054885	-0.179038	-0.0099211	-0.0771468	-0.0792526	-0.0509993	0.0033719	4555.73
0.0033398	0.0054463	-0.1779005	-0.0099472	-0.076697	-0.0787009	-0.0507393	0.0033918	4567.22
0.0033063	0.0054297	-0.1767616	-0.0099473	-0.0761931	-0.0782356	-0.0503426	0.0034056	4578.7
0.0033171	0.0053545	-0.1756283	-0.0099701	-0.0757476	-0.0777204	-0.0500455	0.0034269	4590.18
0.003258	0.0053341	-0.1744136	-0.0099365	-0.0752145	-0.0772165	-0.0496915	0.0034388	4601.65
0.0032255	0.0052944	-0.1732439	-0.0099365	-0.0747137	-0.0766958	-0.0493493	0.0034637	4613.12
0.0031992	0.0052541	-0.1720568	-0.0099659	-0.074238	-0.0761709	-0.0490121	0.0034746	4624.59
0.0031801	0.005233	-0.1709212	-0.0099596	-0.0737412	-0.0756812	-0.048722	0.0034966	4636.04
0.0031879	0.0052058	-0.1698248	-0.0099354	-0.0733142	-0.0752122	-0.0484058	0.0035051	4647.46
0.0032247	0.0051059	-0.1687387	-0.0099942	-0.07289	-0.0747994	-0.0481077	0.0035273	4658.92
0.0031546	0.0051521	-0.1677898	-0.0099297	-0.0724283	-0.0743723	-0.0478174	0.0035422	4670.4
0.0031023	0.0050791	-0.166826	-0.0099599	-0.0720298	-0.0739173	-0.0475246	0.0035565	4681.86
0.0030891	0.0050422	-0.1658885	-0.0099592	-0.0716563	-0.0735832	-0.0473206	0.0035719	4693.31
0.0030861	0.0050386	-0.165011	-0.0099476	-0.0712817	-0.0732133	-0.0470486	0.003576	4704.75
0.0030546	0.0050022	-0.1641911	-0.009966	-0.0709341	-0.072835	-0.046795	0.0035954	4716.22
0.0030501	0.0049465	-0.1633246	-0.0099875	-0.0705341	-0.0724592	-0.046546	0.0036043	4727.67
0.0030349	0.0049373	-0.1623693	-0.0099841	-0.0701627	-0.0720089	-0.046292	0.0036224	4739.16
0.0030391	0.0049569	-0.1614232	-0.0099695	-0.0697407	-0.0715988	-0.045997	0.0036375	4750.61
0.0030484	0.0049018	-0.1604992	-0.0099573	-0.0693447	-0.0711249	-0.0456573	0.0036402	4762.08
0.0030274	0.0048457	-0.1594602	-0.0099922	-0.0688488	-0.0707226	-0.0454979	0.0036591	4773.54
0.002954	0.0048469	-0.1584388	-0.0099441	-0.0684799	-0.0702641	-0.0451512	0.0036742	4784.99
0.0029568	0.0047821	-0.1574017	-0.0099553	-0.0679815	-0.0698238	-0.044856	0.0036733	4796.45
0.0029689	0.0047613	-0.1562882	-0.0099454	-0.0675412	-0.0693174	-0.0445451	0.0037004	4807.9
0.0028907	0.0047454	-0.1552567	-0.0099748	-0.0671255	-0.0688626	-0.0442967	0.0037206	4819.36
0.0029254	0.0046828	-0.154617	-0.0099613	-0.0669535	-0.0687379	-0.0441726	0.0037226	4830.83
0.0029067	0.0047161	-0.1546588	-0.009957	-0.067006	-0.0688646	-0.044306	0.003719	4842.28
0.0029257	0.0047472	-0.1553503	-0.0099665	-0.0673348	-0.0692712	-0.0446251	0.0037115	4853.75
0.0029022	0.0047414	-0.1566092	-0.0099713	-0.067928	-0.0699085	-0.0450106	0.0036961	4865.19
0.0029475	0.0048051	-0.1580805	-0.0099736	-0.0685751	-0.0704904	-0.0453762	0.0036874	4876.66
0.003001	0.0048468	-0.1593127	-0.009961	-0.0690695	-0.070989	-0.0456662	0.0036733	4888.16
0.0029641	0.0048572	-0.1601801	-0.0099724	-0.0693576	-0.0713043	-0.0458689	0.0036633	4899.65
0.0029909	0.0049074	-0.160741	-0.009983	-0.0695778	-0.0715047	-0.0460272	0.0036596	4911.15
0.0029398	0.004918	-0.1610506	-0.0099857	-0.0696964	-0.071607	-0.0461253	0.0036528	4922.65
0.0029559	0.0049239	-0.1611479	-0.0099705	-0.0697325	-0.0716043	-0.0460975	0.0036499	4934.17
0.0030186	0.0049033	-0.161058	-0.0099493	-0.0696521	-0.071527	-0.0460043	0.0036522	4945.66
0.0031026	0.0048354	-0.1607954	-0.0101043	-0.0694521	-0.0714906	-0.0458526	0.0036548	4957.09
0.0029664	0.0049802	-0.1603721	-0.0099153	-0.0693435	-0.0712171	-0.0458617	0.0036535	4968.55
0.0030133	0.0048969	-0.1598146	-0.0099113	-0.0690621	-0.0709159	-0.0455767	0.003663	4980.03
0.0029968	0.0048852	-0.1591725	-0.0099073	-0.0687597	-0.0706504	-0.0454032	0.0036678	4991.54
0.0030023	0.0048629	-0.1584157	-0.009968	-0.0684682	-0.0702974	-0.0451573	0.0036836	5003.01
0.0029606	0.0048172	-0.1575539	-0.0099577	-0.0680804	-0.0698704	-0.0449266	0.0036949	5014.49
0.002969	0.0048325	-0.1565817	-0.0099666	-0.0676276	-0.069464	-0.0446299	0.0037104	5025.96
0.0028854	0.0047394	-0.1555002	-0.0099532	-0.0671821	-0.068996	-0.044297	0.0037165	5037.43
0.0028964	0.0047846	-0.1544161	-0.009959	-0.0667029	-0.0685118	-0.0440173	0.0037345	5048.87
0.0028604	0.0046718	-0.1533629	-0.0102049	-0.0662467	-0.0680001	-0.0437045	0.0037442	5060.31
0.0028629	0.0046425	-0.1522676	-0.0099562	-0.0657893	-0.067512	-0.043411	0.0037662	5071.8
0.0028442	0.0046134	-0.1511553	-0.0099811	-0.0653354	-0.0670431	-0.0431001	0.003776	5083.27
0.0028228	0.0045704	-0.1500828	-0.0099716	-0.0648681	-0.0665769	-0.0427918	0.0037849	5094.75
0.0027669	0.0045164	-0.1490286	-0.0099793	-0.0643991	-0.0661489	-0.0424851	0.0037978	5106.21
0.0027529	0.0045003	-0.1479841	-0.0100443	-0.0641068	-0.0656515	-0.0422018	0.0037366	5117.68
0.002338	0.0043647	-0.1469754	-0.0099775	-0.0635488	-0.0651787	-0.0418685	0.0038352	5129.11
0.0027854	0.0044559	-0.1456954	-0.0098916	-0.0629632	-0.0645983	-0.0415334	0.0038521	5140.58
0.0027068	0.0043986	-0.144459	-0.0099566	-0.0624301	-0.0640556	-0.0411659	0.0038563	5152.06
0.0026674	0.0043595	-0.1432562	-0.0099706	-0.0618797	-0.0635614	-0.0408346	0.0038809	5163.51
0.0027036	0.0043819	-0.142191	-0.0099853	-0.0614057	-0.0630541	-0.0405634	0.0038964	5174.95
0.0025895	0.0042721	-0.1410626	-0.0099654	-0.0610867	-0.0624951	-0.0402869	0.0039133	5186.39
0.0025101	0.0042627	-0.1399802	-0.0099049	-0.0606254	-0.0621401	-0.039932	0.0039314	5197.82
0.0025446	0.0042401	-0.138972	-0.0099472	-0.0601044	-0.0616523	-0.0396848	0.0039353	5209.29
0.0026015	0.004189	-0.1379064	-0.0099534	-0.0596763	-0.0611732	-0.0393969	0.0039522	5220.73
0.0025673	0.0041523	-0.1368834	-0.009998	-0.0591985	-0.0607333	-0.0390337	0.0039587	5232.2
0.0025401	0.0041467	-0.1358544	-0.0099707	-0.0587436	-0.0603008	-0.0387443	0.0039786	5243.69
0.0025639	0.0041374	-0.1347376	-0.0099152	-0.0582569	-0.0598488	-0.0385145	0.0039503	5255.13
0.0023128	0.004091	-0.1337638	-0.0099243	-0.0578158	-0.059327	-0.0381648	0.004006	5266.58
0.0024613	0.0040214	-0.1326307	-0.0099713	-0.0573471	-0.0588118	-0.0378654	0.004015	5278.0
0.002427	0.0039952	-0.1314693	-0.0099585	-0.0568448	-0.0583023	-0.0374986	0.0040365	5289.46
0.0024376	0.003942	-0.1302697	-0.0099552	-0.0563247	-0.0578036	-0.0372034	0.0040565	5300.9
0.002429	0.0039039	-0.129232	-0.0098954	-0.0558194	-0.0572971	-0.0369344	0.0040656	5312.35
0.0024335	0.0038802	-0.1282176	-0.0099367	-0.0554239	-0.0569148	-0.0366137	0.0040771	5323.82
0.0023778	0.0038527	-0.1273018	-0.0099534	-0.0550652	-0.0564929	-0.0363787	0.0040884	5335.32
0.0023507	0.0038321	-0.1263962	-0.0099851	-0.0546543	-0.0561718	-0.0360635	0.0041029	5346.76
0.0023911	0.0038621	-0.1254664	-0.0099648	-0.0542831	-0.0557808	-0.0359391	0.0041193	5358.23
0.0023811	0.0037537	-0.1246654	-0.0099321	-0.0539884	-0.0553079	-0.0355781	0.0041324	5369.67
0.002295	0.0037212	-0.1237525	-0.0099797	-0.0535138	-0.0548628	-0.035345	0.004148	5381.17
0.0022818	0.0037236	-0.1227905	-0.0099397	-0.0531131	-0.0544817	-0.0351233	0.0041647	5392.64
0.0023117	0.0036752	-0.1218341	-0.0099464	-0.052685	-0.054048	-0.0347688	0.0041727	5404.13
0.0022451	0.0036269	-0.1208479	-0.0099426	-0.0522824	-0.0535893	-0.0345435	0.0041831	5415.57
0.0022452	0.0036128	-0.1198039	-0.009948	-0.0518548	-0.0531039	-0.0342662	0.0042027	5427.02
0.0022012	0.003531	-0.1189212	-0.0099527	-0.0514207	-0.0527234	-0.0339658	0.0042137	5438.48
0.0021631	0.0035663	-0.1179529	-0.0099419	-0.0510143	-0.052321	-0.0337444	0.0042203	5449.88
0.0021782	0.0035102	-0.1170893	-0.0099409	-0.050634	-0.0519112	-0.0335024	0.0042408	5461.34
0.0021701	0.0034915	-0.1162351	-0.0099399	-0.0502559	-0.0515175	-0.0332554	0.0042461	5472.82
0.0021596	0.0034665	-0.1153734	-0.0099536	-0.0499127	-0.0511337	-0.0330552	0.0042683	5484.29
0.0021136	0.0034578	-0.1145783	-0.0099799	-0.0495683	-0.0508361	-0.0327831	0.0042705	5495.78
0.0020951	0.0034418	-0.1138671	-0.0099599	-0.0492351	-0.050492	-0.0325957	0.0042901	5507.23
0.0020882	0.0034141	-0.1131622	-0.0099508	-0.048925	-0.0501861	-0.0324022	0.0042933	5518.67
0.0020919	0.0033894	-0.112411	-0.0099607	-0.0486053	-0.0498545	-0.032202	0.0043105	5530.09
0.0020927	0.0033845	-0.1116973	-0.0099186	-0.0482785	-0.0495105	-0.0319465	0.004323	5541.56
0.0020714	0.0033452	-0.1109297	-0.00996	-0.0479765	-0.0492486	-0.0317723	0.0043386	5553.03
0.0020336	0.003307	-0.1102219	-0.0099353	-0.0476675	-0.0488973	-0.0315825	0.0043371	5564.49
0.0020851	0.0033468	-0.1095311	-0.010051	-0.047435	-0.0485878	-0.0314562	0.0043458	5575.93
0.0020274	0.0033118	-0.1089063	-0.0099545	-0.0470815	-0.0483327	-0.0312176	0.004351	5587.41
0.00201	0.0032373	-0.1082981	-0.0099444	-0.0468332	-0.0480214	-0.0310782	0.004369	5598.87
0.0020487	0.0032654	-0.1076666	-0.0099533	-0.046534	-0.0477545	-0.0308779	0.0043737	5610.3
0.0020501	0.0032677	-0.1070164	-0.0099719	-0.0462384	-0.0473886	-0.0307037	0.0043836	5621.76
0.0020136	0.0031733	-0.1064602	-0.0099064	-0.0460858	-0.0471064	-0.0306031	0.0043922	5633.2
0.0019469	0.0031843	-0.1058091	-0.0099383	-0.0457059	-0.0468621	-0.0303988	0.0044071	5644.65
0.0019501	0.0031645	-0.1051941	-0.0099389	-0.0454908	-0.0466477	-0.0301718	0.0044258	5656.07
0.0019439	0.0031359	-0.1045694	-0.0099362	-0.0451942	-0.0464047	-0.0300099	0.0044197	5667.54
0.0019311	0.0031251	-0.1039188	-0.0099886	-0.0449363	-0.0460355	-0.0298557	0.0044314	5679.01
0.0019036	0.003091	-0.1033202	-0.0099622	-0.0446322	-0.045802	-0.029633	0.0044419	5690.47
0.0019146	0.0030875	-0.1026507	-0.0099572	-0.0443806	-0.0454714	-0.0294312	0.0044685	5701.91
0.0018831	0.0030846	-0.1020161	-0.0099247	-0.0440573	-0.0452159	-0.0292886	0.0044644	5713.34
0.0019139	0.0030089	-0.1013493	-0.0099526	-0.0438139	-0.0449298	-0.0290888	0.0044802	5724.78
0.0018581	0.0030211	-0.1007657	-0.0099637	-0.0435623	-0.0446708	-0.0289001	0.0044888	5736.2
0.0018007	0.0030362	-0.1001172	-0.0099533	-0.0432335	-0.0444182	-0.0287413	0.0045019	5747.63
0.0018372	0.0029377	-0.0995613	-0.0099462	-0.0430383	-0.044113	-0.0286053	0.0045014	5759.1
0.0018132	0.0029516	-0.0989592	-0.0099897	-0.0428145	-0.0438594	-0.0284245	0.0045135	5770.55
0.0017942	0.0028861	-0.0984015	-0.0099653	-0.0425049	-0.0436303	-0.0282623	0.0045251	5782.01
0.0017814	0.0029286	-0.0978974	-0.0099784	-0.0422818	-0.0433507	-0.0281337	0.0045418	5793.48
0.0018032	0.0029172	-0.0972675	-0.0099582	-0.0420383	-0.0430632	-0.0279708	0.0045357	5804.93
0.0017859	0.0029335	-0.0966869	-0.009974	-0.0417557	-0.0428318	-0.0277886	0.0045547	5816.43
0.0018161	0.0028546	-0.0960587	-0.0099702	-0.041473	-0.0425883	-0.0275985	0.0045634	5827.9
0.0017468	0.0028517	-0.0955335	-0.0099647	-0.0412549	-0.0423305	-0.0274699	0.0045799	5839.39
0.0017397	0.0028397	-0.0950205	-0.0099571	-0.0410627	-0.0420595	-0.0273347	0.0045805	5850.83
0.001756	0.0028016	-0.0945279	-0.0099192	-0.0407702	-0.041837	-0.0271964	0.0045866	5862.27
0.0017444	0.0028372	-0.0939434	-0.0100188	-0.0405871	-0.0415203	-0.0270526	0.0045917	5873.72
0.001697	0.0028317	-0.0934176	-0.0099386	-0.0403854	-0.0413247	-0.0268912	0.0046148	5885.14
