
v1	v2	v3	v4	v5	v6	v7	v8	time
0.0079732	0.0095119	-0.1782469	-0.0100371	-0.0750473	-0.0767067	-0.0540279	0.0009164	11.45
0.0079996	0.0094867	-0.1781296	-0.0099799	-0.0750718	-0.0766882	-0.0540143	0.0008888	25.33
0.0079469	0.0095588	-0.1781703	-0.0099903	-0.0750643	-0.0765996	-0.0540733	0.0008853	39.22
0.0078735	0.0095352	-0.1781507	-0.0099709	-0.0750673	-0.0766448	-0.054001	0.0008792	53.11
0.0078954	0.009528	-0.1781722	-0.0099432	-0.0750668	-0.0766626	-0.0540679	0.0008808	66.99
0.0079352	0.0095216	-0.1781618	-0.0099467	-0.0750523	-0.0766582	-0.0540116	0.0010453	80.89
0.0079666	0.0095971	-0.1781593	-0.0099003	-0.0745373	-0.076603	-0.0539213	0.0009082	94.73
0.0079661	0.0097055	-0.1781358	-0.0103735	-0.0751703	-0.0768321	-0.0540746	0.000908	108.57
