
v1	v2	v3	v4	v5	v6	v7	v8	time
0.0042568	0.0072399	-0.1775135	-0.0096263	-0.0743884	-0.0771688	-0.0521325	0.0010918	11.41
0.0038027	0.0067935	-0.1775166	-0.0098829	-0.0742748	-0.0772255	-0.0524219	0.0008635	25.25
0.0040665	0.0070129	-0.1776563	-0.0099542	-0.0742755	-0.0771858	-0.0524343	0.0009089	39.07
0.004009	0.0069571	-0.1775767	-0.0099382	-0.074267	-0.0772347	-0.052281	0.000829	52.89
0.0039914	0.0069522	-0.1775691	-0.0099486	-0.0742411	-0.0772843	-0.0522668	0.0009487	66.73
0.003986	0.0069151	-0.1775671	-0.0101242	-0.0742485	-0.0771885	-0.0523135	0.0008848	80.62
0.0039881	0.0069382	-0.1775789	-0.0099724	-0.0742133	-0.0771658	-0.0522858	0.000414	94.42
0.0038671	0.0071097	-0.1775589	-0.0099294	-0.0742557	-0.0772089	-0.0523174	0.0008811	108.25
