
v1	v2	v3	v4	v5	v6	v7	v8	time
0.003045	0.0060379	-0.1773848	-0.0099344	-0.0741169	-0.0772736	-0.0517954	0.0008776	11.44
0.0031224	0.0061932	-0.1773271	-0.0099801	-0.0740118	-0.0770869	-0.0519059	0.0009063	25.26
0.0023472	0.0062153	-0.177633	-0.0100353	-0.0741453	-0.0772386	-0.0519586	0.0006317	39.08
0.0026511	0.0059788	-0.1774509	-0.009916	-0.0740356	-0.0771521	-0.0517404	0.0008717	52.92
0.0029062	0.0057791	-0.1773919	-0.0099603	-0.074035	-0.0772211	-0.0517366	0.0008892	66.77
0.0026919	0.0058501	-0.1771652	-0.0099603	-0.0740917	-0.0771772	-0.0517501	0.0008724	80.63
0.002766	0.0058336	-0.1773695	-0.0100488	-0.0741177	-0.07726	-0.0517597	0.0008886	94.45
0.0027273	0.0058711	-0.177365	-0.0098832	-0.0740884	-0.0771933	-0.0516811	0.0008891	108.29
